
================================================================================
ANÁLISIS COMPLETO DE RESULTADOS
================================================================================

RESUMEN EJECUTIVO
--------------------------------------------------
• Inversión total infraestructura: $207,545,748 USD
• Costo arriendo total: $267,300 USD
• Emisiones totales de CO2: 691,700,020 kgCO2
• Energía total producida: 11,665,074,153 kWh
• Presupuesto utilizado: 46.2%

INFRAESTRUCTURA CONSTRUIDA POR AÑO
--------------------------------------------------
  Año  Solar Peq  Solar Gr  Eólica Peq  Eólica Gr  Bat Litio  Bat Plomo  Bat Flujo
    0        0.0       2.0         0.0        0.0        0.0        0.0        0.0
    1        0.0       1.0         0.0       10.0     1123.0        0.0        0.0
    2        0.0       0.0         0.0        0.0        0.0        0.0        0.0
    3        0.0       0.0         0.0        0.0        0.0        0.0        0.0
    4        0.0       0.0         0.0        0.0        0.0        0.0        0.0
    5        0.0       0.0         0.0        0.0        0.0        0.0        0.0
    6        0.0       0.0         0.0        0.0        0.0        0.0        0.0
    7        0.0       0.0         0.0        0.0        0.0        0.0        0.0
    8        0.0       0.0         0.0        0.0        0.0        0.0        0.0
    9        0.0       0.0         0.0        0.0        0.0        0.0        0.0
   10        1.0       0.0         0.0        0.0       79.0        0.0        0.0
   11        0.0       0.0         0.0        0.0      513.0        0.0        0.0
   12        0.0       0.0         0.0        0.0        0.0        0.0        0.0
   13        0.0       0.0         0.0        0.0        0.0        0.0        0.0
   14        0.0       0.0         0.0        0.0        0.0        0.0        0.0
   15        0.0       0.0         0.0        0.0        0.0        0.0        0.0
   16        0.0       0.0         0.0        0.0        0.0        0.0        0.0
   17        0.0       0.0         0.0        0.0        0.0        0.0        0.0
   18        0.0       0.0         0.0        0.0        0.0        0.0        0.0
   19        0.0       0.0         0.0        0.0        0.0        0.0        0.0
   20        3.0       0.0         0.0        0.0       10.0        0.0        0.0
   21        0.0       0.0         0.0        0.0      559.0        0.0        0.0
   22        0.0       0.0         0.0        0.0       99.0        0.0        0.0
   23        0.0       0.0         0.0        0.0        0.0        0.0        0.0
   24        2.0       0.0         0.0        0.0        0.0        0.0        0.0
   25        0.0       0.0         0.0        1.0        0.0        0.0        0.0
   26        0.0       0.0         0.0       10.0        0.0        0.0        0.0
   27        0.0       0.0         0.0        0.0        0.0        0.0        0.0
   28        0.0       0.0         0.0        0.0        0.0        0.0        0.0
   29        0.0       0.0         0.0        0.0        0.0        0.0        0.0
   30        0.0       2.0         0.0        0.0      925.0        0.0        0.0
   31        0.0       1.0         0.0        1.0      675.0        0.0        0.0
   32        0.0       0.0         0.0        0.0        0.0        0.0        0.0
   33        0.0       0.0         0.0        0.0        0.0        0.0        0.0
   34        0.0       0.0         0.0        0.0        0.0        0.0        0.0
   35        0.0       0.0         0.0        0.0        0.0        0.0        0.0
   36        0.0       0.0         0.0        0.0        0.0        0.0        0.0
   37        0.0       0.0         0.0        0.0        0.0        0.0        0.0
   38        0.0       0.0         0.0        0.0        0.0        0.0        0.0
   39        0.0       0.0         0.0        0.0        0.0        0.0        0.0
   40        0.0       0.0         0.0        1.0        0.0        0.0        0.0
   41        0.0       0.0         0.0        0.0        1.0        0.0        0.0
   42        0.0       0.0         0.0        1.0       99.0        0.0        0.0
   43        0.0       0.0         0.0        0.0        0.0        0.0        0.0
   44        0.0       0.0         0.0        0.0        0.0        0.0        0.0
   45        0.0       0.0         0.0        0.0        0.0        0.0        0.0
   46        0.0       0.0         0.0        0.0        0.0        0.0        0.0
   47        0.0       0.0         0.0        1.0        0.0        0.0        0.0
   48        0.0       0.0         0.0        0.0        0.0        0.0        0.0
   49        0.0       0.0         0.0        0.0        0.0        0.0        0.0
TOTAL        6.0       6.0         0.0       25.0     4083.0        0.0        0.0

INFRAESTRUCTURA EN OPERACIÓN POR AÑO
--------------------------------------------------
 Año  Solar Peq  Solar Gr  Eólica Peq  Eólica Gr  Bat Litio  Bat Plomo  Bat Flujo
   0        0.0       0.0         0.0        0.0        0.0        0.0        0.0
   1        0.0       3.0         0.0       10.0     1123.0        0.0        0.0
   2        0.0       3.0         0.0       10.0     1123.0        0.0        0.0
   3        0.0       3.0         0.0       10.0     1123.0        0.0        0.0
   4        0.0       3.0         0.0       10.0     1123.0        0.0        0.0
   5        0.0       3.0         0.0       10.0     1123.0        0.0        0.0
   6        0.0       3.0         0.0       10.0     1123.0        0.0        0.0
   7        0.0       3.0         0.0       10.0     1123.0        0.0        0.0
   8        0.0       3.0         0.0       10.0     1123.0        0.0        0.0
   9        0.0       3.0         0.0       10.0     1123.0        0.0        0.0
  10        1.0       3.0         0.0       10.0     1202.0        0.0        0.0
  11        1.0       3.0         0.0       10.0     1715.0        0.0        0.0
  12        1.0       3.0         0.0       10.0     1715.0        0.0        0.0
  13        1.0       3.0         0.0       10.0     1715.0        0.0        0.0
  14        1.0       3.0         0.0       10.0     1715.0        0.0        0.0
  15        1.0       3.0         0.0       10.0     1715.0        0.0        0.0
  16        1.0       3.0         0.0       10.0     1715.0        0.0        0.0
  17        1.0       3.0         0.0       10.0     1715.0        0.0        0.0
  18        1.0       3.0         0.0       10.0     1715.0        0.0        0.0
  19        1.0       3.0         0.0       10.0     1715.0        0.0        0.0
  20        4.0       3.0         0.0       10.0     1725.0        0.0        0.0
  21        4.0       3.0         0.0       10.0     1161.0        0.0        0.0
  22        4.0       3.0         0.0       10.0     1260.0        0.0        0.0
  23        4.0       3.0         0.0       10.0     1260.0        0.0        0.0
  24        6.0       3.0         0.0       10.0     1260.0        0.0        0.0
  25        6.0       3.0         0.0       11.0     1260.0        0.0        0.0
  26        6.0       3.0         0.0       11.0     1260.0        0.0        0.0
  27        6.0       3.0         0.0       11.0     1260.0        0.0        0.0
  28        6.0       3.0         0.0       11.0     1260.0        0.0        0.0
  29        6.0       3.0         0.0       11.0     1260.0        0.0        0.0
  30        6.0       3.0         0.0       11.0     2106.0        0.0        0.0
  31        6.0       3.0         0.0       12.0     2268.0        0.0        0.0
  32        6.0       3.0         0.0       12.0     2268.0        0.0        0.0
  33        6.0       3.0         0.0       12.0     2268.0        0.0        0.0
  34        6.0       3.0         0.0       12.0     2268.0        0.0        0.0
  35        6.0       3.0         0.0       12.0     2268.0        0.0        0.0
  36        6.0       3.0         0.0       12.0     2268.0        0.0        0.0
  37        6.0       3.0         0.0       12.0     2268.0        0.0        0.0
  38        6.0       3.0         0.0       12.0     2268.0        0.0        0.0
  39        6.0       3.0         0.0       12.0     2268.0        0.0        0.0
  40        5.0       3.0         0.0       13.0     2258.0        0.0        0.0
  41        5.0       3.0         0.0       13.0     1700.0        0.0        0.0
  42        5.0       3.0         0.0       14.0     1700.0        0.0        0.0
  43        5.0       3.0         0.0       14.0     1700.0        0.0        0.0
  44        5.0       3.0         0.0       14.0     1700.0        0.0        0.0
  45        5.0       3.0         0.0       14.0     1700.0        0.0        0.0
  46        5.0       3.0         0.0       14.0     1700.0        0.0        0.0
  47        5.0       3.0         0.0       15.0     1700.0        0.0        0.0
  48        5.0       3.0         0.0       15.0     1700.0        0.0        0.0
  49        5.0       3.0         0.0       15.0     1700.0        0.0        0.0

 PRODUCCIÓN DE ENERGÍA VS DEMANDA
--------------------------------------------------
 Año Producción (kWh) Demanda (kWh) Cumplimiento
   0                0   158,314,691         0.0%
   1      218,856,000   160,689,411       136.2%
   2      218,856,000   163,099,753       134.2%
   3      218,856,000   165,546,249       132.2%
   4      218,856,000   168,029,443       130.2%
   5      218,856,000   170,549,884       128.3%
   6      218,856,000   173,108,132       126.4%
   7      218,856,000   175,704,754       124.6%
   8      218,856,000   178,340,326       122.7%
   9      218,856,000   181,015,431       120.9%
  10      220,183,000   183,730,662       119.8%
  11      220,183,000   186,486,622       118.1%
  12      220,183,000   189,283,921       116.3%
  13      220,183,000   192,123,180       114.6%
  14      220,183,000   195,005,028       112.9%
  15      220,183,000   197,930,103       111.2%
  16      220,183,000   200,899,055       109.6%
  17      220,183,000   203,912,541       108.0%
  18      220,183,000   206,971,229       106.4%
  19      220,183,000   210,075,797       104.8%
  20      224,164,000   213,226,934       105.1%
  21      224,164,000   216,425,338       103.6%
  22      224,164,000   219,671,718       102.0%
  23      224,164,000   222,966,794       100.5%
  24      226,818,000   226,311,296       100.2%
  25      243,818,000   229,705,965       106.1%
  26      243,818,000   233,151,555       104.6%
  27      243,818,000   236,648,828       103.0%
  28      243,818,000   240,198,561       101.5%
  29      243,818,000   243,801,539       100.0%
  30      270,361,000   247,458,562       109.3%
  31      287,361,000   251,170,441       114.4%
  32      287,361,000   254,937,997       112.7%
  33      287,361,000   258,762,067       111.1%
  34      287,361,000   262,643,498       109.4%
  35      287,361,000   266,583,151       107.8%
  36      287,361,000   270,581,898       106.2%
  37      287,361,000   274,640,626       104.6%
  38      287,361,000   278,760,236       103.1%
  39      287,361,000   282,941,639       101.6%
  40      299,534,000   287,185,764       104.3%
  41      299,534,000   291,493,550       102.8%
  42      316,534,000   295,865,954       107.0%
  43      316,534,000   300,303,943       105.4%
  44      316,534,000   304,808,502       103.8%
  45      316,534,000   309,380,630       102.3%
  46      316,534,000   314,021,339       100.8%
  47      330,034,000   318,731,659       103.5%
  48      330,034,000   323,512,634       102.0%
  49      330,034,000   328,365,323       100.5%

USO DE TERRENOS
--------------------------------------------------
 Año Terreno 0 - Uso Terreno 0 - Arrendado Terreno 1 - Uso Terreno 1 - Arrendado
   0            2 u.                    Sí            0 u.                    Sí
   1        1,140 u.                    Sí        1,130 u.                    Sí
   2          571 u.                    Sí          565 u.                    Sí
   3          571 u.                    Sí          565 u.                    Sí
   4          571 u.                    Sí          565 u.                    Sí
   5          571 u.                    Sí          565 u.                    Sí
   6          571 u.                    Sí          565 u.                    Sí
   7          571 u.                    Sí          565 u.                    Sí
   8          571 u.                    Sí          565 u.                    Sí
   9          571 u.                    Sí          565 u.                    Sí
  10          731 u.                    Sí          565 u.                    Sí
  11        1,677 u.                    Sí          565 u.                    Sí
  12        1,164 u.                    Sí          565 u.                    Sí
  13        1,164 u.                    Sí          565 u.                    Sí
  14        1,164 u.                    Sí          565 u.                    Sí
  15        1,164 u.                    Sí          565 u.                    Sí
  16        1,164 u.                    Sí          565 u.                    Sí
  17        1,164 u.                    Sí          565 u.                    Sí
  18        1,164 u.                    Sí          565 u.                    Sí
  19        1,164 u.                    Sí          565 u.                    Sí
  20        1,190 u.                    Sí          565 u.                    Sí
  21          613 u.                    Sí        1,124 u.                    Sí
  22          811 u.                    Sí          565 u.                    Sí
  23          712 u.                    Sí          565 u.                    Sí
  24          716 u.                    Sí          565 u.                    Sí
  25          716 u.                    Sí          565 u.                    Sí
  26          720 u.                    Sí          570 u.                    Sí
  27          715 u.                    Sí          565 u.                    Sí
  28          715 u.                    Sí          565 u.                    Sí
  29          715 u.                    Sí          565 u.                    Sí
  30          636 u.                    Sí        2,417 u.                    Sí
  31        1,474 u.                    Sí        1,492 u.                    Sí
  32          798 u.                    Sí        1,491 u.                    Sí
  33          798 u.                    Sí        1,491 u.                    Sí
  34          798 u.                    Sí        1,491 u.                    Sí
  35          798 u.                    Sí        1,491 u.                    Sí
  36          798 u.                    Sí        1,491 u.                    Sí
  37          798 u.                    Sí        1,491 u.                    Sí
  38          798 u.                    Sí        1,491 u.                    Sí
  39          798 u.                    Sí        1,491 u.                    Sí
  40          787 u.                    Sí        1,493 u.                    Sí
  41          789 u.                    Sí          933 u.                    Sí
  42          889 u.                    Sí          933 u.                    Sí
  43          789 u.                    Sí          933 u.                    Sí
  44          789 u.                    Sí          933 u.                    Sí
  45          789 u.                    Sí          933 u.                    Sí
  46          789 u.                    Sí          933 u.                    Sí
  47          789 u.                    Sí          935 u.                    Sí
  48          789 u.                    Sí          934 u.                    Sí
  49          789 u.                    Sí          934 u.                    Sí

ALMACENAMIENTO EN BATERÍAS (Día 1 de cada año)
--------------------------------------------------
 Año Capacidad Total Energía Almacenada Porcentaje Uso
   0           0 kWh              0 kWh           0.0%
   1     258,290 kWh        242,859 kWh          94.0%
   2     258,290 kWh        242,859 kWh          94.0%
   3     258,290 kWh        242,859 kWh          94.0%
   4     258,290 kWh        242,859 kWh          94.0%
   5     258,290 kWh        242,859 kWh          94.0%
   6     258,290 kWh        242,859 kWh          94.0%
   7     258,290 kWh        242,859 kWh          94.0%
   8     258,290 kWh        242,859 kWh          94.0%
   9     258,290 kWh        242,859 kWh          94.0%
  10     276,460 kWh        245,284 kWh          88.7%
  11     394,450 kWh        268,882 kWh          68.2%
  12     394,450 kWh        268,882 kWh          68.2%
  13     394,450 kWh        268,882 kWh          68.2%
  14     394,450 kWh        268,882 kWh          68.2%
  15     394,450 kWh        268,882 kWh          68.2%
  16     394,450 kWh        268,882 kWh          68.2%
  17     394,450 kWh        268,882 kWh          68.2%
  18     394,450 kWh        268,882 kWh          68.2%
  19     394,450 kWh        323,081 kWh          81.9%
  20     396,750 kWh        396,750 kWh         100.0%
  21     267,030 kWh        239,771 kWh          89.8%
  22     289,800 kWh        244,325 kWh          84.3%
  23     289,800 kWh        244,325 kWh          84.3%
  24     289,800 kWh        241,908 kWh          83.5%
  25     289,800 kWh        216,291 kWh          74.6%
  26     289,800 kWh        216,291 kWh          74.6%
  27     289,800 kWh        289,800 kWh         100.0%
  28     289,800 kWh        216,291 kWh          74.6%
  29     289,800 kWh        289,800 kWh         100.0%
  30     484,380 kWh        231,028 kWh          47.7%
  31     521,640 kWh        212,863 kWh          40.8%
  32     521,640 kWh        212,863 kWh          40.8%
  33     521,640 kWh        212,863 kWh          40.8%
  34     521,640 kWh        212,863 kWh          40.8%
  35     521,640 kWh        212,863 kWh          40.8%
  36     521,640 kWh        212,863 kWh          40.8%
  37     521,640 kWh        212,863 kWh          40.8%
  38     521,640 kWh        460,630 kWh          88.3%
  39     521,640 kWh        212,863 kWh          40.8%
  40     519,340 kWh        193,270 kWh          37.2%
  41     391,000 kWh        167,602 kWh          42.9%
  42     391,000 kWh        141,985 kWh          36.3%
  43     391,000 kWh        391,000 kWh         100.0%
  44     391,000 kWh        141,985 kWh          36.3%
  45     391,000 kWh        141,985 kWh          36.3%
  46     391,000 kWh        141,985 kWh          36.3%
  47     391,000 kWh        121,643 kWh          31.1%
  48     391,000 kWh        121,643 kWh          31.1%
  49     391,000 kWh        121,643 kWh          31.1%

DIVERSIFICACIÓN ENERGÉTICA (Año 10)
--------------------------------------------------
• Producción Solar: 67,683,000 kWh (30.7%)
• Producción Eólica: 152,500,000 kWh (69.3%)

INVERSIÓN POR TIPO DE TECNOLOGÍA
--------------------------------------------------
• Solar Peq: $564,600 (0.3%)
• Solar Gr: $13,878,000 (6.7%)
• Eólica Peq: $0 (0.0%)
• Eólica Gr: $186,750,000 (90.0%)
• Bat Litio: $6,353,148 (3.1%)
• Bat Plomo: $0 (0.0%)
• Bat Flujo: $0 (0.0%)

VERIFICACIÓN DE FACTIBILIDAD
--------------------------------------------------
• Presupuesto: $207,813,048 / $450,000,000
• Año 3: Producción 218,856,000 ≥ Demanda 165,546,249
• Año 10: Producción 220,183,000 ≥ Demanda 183,730,662
• Año 15: Producción 220,183,000 ≥ Demanda 197,930,103
• Terreno 0, Año 0: 213,400/500,000 u²
• Terreno 0, Año 10: 341,867/500,000 u²
• Terreno 0, Año 15: 340,997/500,000 u²
• Terreno 1, Año 0: 0/500,000 u²
• Terreno 1, Año 10: 233,118/500,000 u²
• Terreno 1, Año 15: 233,118/500,000 u²

RECOMENDACIONES ESTRATÉGICAS
--------------------------------------------------
• Tecnología más construída: Batería Litio
• Total unidades: 4083.0
• Años de primera construcción:
  - Solar Pequeña: Año 10
  - Solar Grande: Año 0
  - Eólica Grande: Año 1
  - Batería Litio: Año 1

================================================================================
ANÁLISIS COMPLETADO EXITOSAMENTE
================================================================================
