
================================================================================
ANÁLISIS COMPLETO DE RESULTADOS
================================================================================

RESUMEN EJECUTIVO
--------------------------------------------------
• Inversión total infraestructura: $181,470,812 USD
• Costo arriendo total: $267,300 USD
• Emisiones totales de CO2: 605,572,400 kgCO2
• Energía total producida: 10,205,468,768 kWh
• Presupuesto utilizado: 40.4%

INFRAESTRUCTURA CONSTRUIDA POR AÑO
--------------------------------------------------
  Año  Solar Peq  Solar Gr  Eólica Peq  Eólica Gr  Bat Litio  Bat Plomo  Bat Flujo
    0        0.0       2.0         0.0        1.0        0.0        0.0        0.0
    1        0.0       1.0         0.0        9.0     1123.0        0.0        0.0
    2        0.0       0.0         0.0        0.0        0.0        0.0        0.0
    3        0.0       0.0         0.0        0.0        0.0        0.0        0.0
    4        0.0       0.0         0.0        0.0        0.0        0.0        0.0
    5        0.0       0.0         0.0        0.0        0.0        0.0        0.0
    6        0.0       0.0         0.0        0.0        0.0        0.0        0.0
    7        0.0       0.0         0.0        0.0        0.0        0.0        0.0
    8        0.0       0.0         0.0        0.0        0.0        0.0        0.0
    9        0.0       0.0         0.0        0.0        0.0        0.0        0.0
   10        0.0       0.0         0.0        0.0       49.0        0.0        0.0
   11        0.0       0.0         0.0        0.0        0.0        0.0        0.0
   12        0.0       0.0         0.0        0.0      559.0        0.0        0.0
   13        0.0       0.0         0.0        0.0        0.0        0.0        0.0
   14        0.0       0.0         0.0        0.0        0.0        0.0        0.0
   15        0.0       0.0         0.0        0.0        0.0        0.0        0.0
   16        0.0       0.0         0.0        0.0        0.0        0.0        0.0
   17        0.0       0.0         0.0        0.0        0.0        0.0        0.0
   18        0.0       0.0         0.0        0.0        0.0        0.0        0.0
   19        0.0       0.0         0.0        0.0        0.0        0.0        0.0
   20        0.0       0.0         0.0        0.0        0.0        0.0        0.0
   21        0.0       0.0         0.0        0.0      515.0        0.0        0.0
   22        0.0       0.0         0.0        0.0        0.0        0.0        0.0
   23        0.0       0.0         0.0        0.0        0.0        0.0        0.0
   24        0.0       0.0         0.0        0.0        0.0        0.0        0.0
   25        0.0       0.0         0.0        1.0        0.0        0.0        0.0
   26        0.0       0.0         0.0        9.0        0.0        0.0        0.0
   27        0.0       0.0         0.0        0.0        0.0        0.0        0.0
   28        0.0       0.0         0.0        0.0        0.0        0.0        0.0
   29        0.0       0.0         0.0        0.0        0.0        0.0        0.0
   30        0.0       1.0         0.0        0.0      643.0        0.0        0.0
   31        0.0       1.0         0.0        0.0        0.0        0.0        0.0
   32        0.0       0.0         0.0        0.0      688.0        0.0        0.0
   33        0.0       0.0         0.0        0.0        0.0        0.0        0.0
   34        0.0       0.0         0.0        0.0        0.0        0.0        0.0
   35        0.0       0.0         0.0        0.0        0.0        0.0        0.0
   36        0.0       0.0         0.0        0.0        0.0        0.0        0.0
   37        0.0       0.0         0.0        0.0        0.0        0.0        0.0
   38        0.0       0.0         0.0        0.0        0.0        0.0        0.0
   39        0.0       0.0         0.0        1.0        0.0        0.0        0.0
   40        0.0       0.0         0.0        0.0        0.0        0.0        0.0
   41        0.0       0.0         0.0        0.0        0.0        0.0        0.0
   42        0.0       0.0         0.0        0.0        0.0        0.0        0.0
   43        0.0       0.0         0.0        0.0        0.0        0.0        0.0
   44        0.0       0.0         0.0        0.0        0.0        0.0        0.0
   45        0.0       0.0         0.0        1.0        0.0        0.0        0.0
   46        0.0       0.0         0.0        0.0        0.0        0.0        0.0
   47        0.0       0.0         0.0        0.0        0.0        0.0        0.0
   48        0.0       0.0         0.0        0.0        0.0        0.0        0.0
   49        0.0       0.0         0.0        0.0        0.0        0.0        0.0
TOTAL        0.0       5.0         0.0       22.0     3577.0        0.0        0.0

INFRAESTRUCTURA EN OPERACIÓN POR AÑO
--------------------------------------------------
 Año  Solar Peq  Solar Gr  Eólica Peq  Eólica Gr  Bat Litio  Bat Plomo  Bat Flujo
   0        0.0       0.0         0.0        0.0        0.0        0.0        0.0
   1        0.0       3.0         0.0       10.0     1123.0        0.0        0.0
   2        0.0       3.0         0.0       10.0     1123.0        0.0        0.0
   3        0.0       3.0         0.0       10.0     1123.0        0.0        0.0
   4        0.0       3.0         0.0       10.0     1123.0        0.0        0.0
   5        0.0       3.0         0.0       10.0     1123.0        0.0        0.0
   6        0.0       3.0         0.0       10.0     1123.0        0.0        0.0
   7        0.0       3.0         0.0       10.0     1123.0        0.0        0.0
   8        0.0       3.0         0.0       10.0     1123.0        0.0        0.0
   9        0.0       3.0         0.0       10.0     1123.0        0.0        0.0
  10        0.0       3.0         0.0       10.0     1172.0        0.0        0.0
  11        0.0       3.0         0.0       10.0     1172.0        0.0        0.0
  12        0.0       3.0         0.0       10.0     1731.0        0.0        0.0
  13        0.0       3.0         0.0       10.0     1731.0        0.0        0.0
  14        0.0       3.0         0.0       10.0     1731.0        0.0        0.0
  15        0.0       3.0         0.0       10.0     1731.0        0.0        0.0
  16        0.0       3.0         0.0       10.0     1731.0        0.0        0.0
  17        0.0       3.0         0.0       10.0     1731.0        0.0        0.0
  18        0.0       3.0         0.0       10.0     1731.0        0.0        0.0
  19        0.0       3.0         0.0       10.0     1731.0        0.0        0.0
  20        0.0       3.0         0.0       10.0     1731.0        0.0        0.0
  21        0.0       3.0         0.0       10.0     1123.0        0.0        0.0
  22        0.0       3.0         0.0       10.0     1123.0        0.0        0.0
  23        0.0       3.0         0.0       10.0     1123.0        0.0        0.0
  24        0.0       3.0         0.0       10.0     1123.0        0.0        0.0
  25        0.0       3.0         0.0       10.0     1123.0        0.0        0.0
  26        0.0       3.0         0.0       10.0     1123.0        0.0        0.0
  27        0.0       3.0         0.0       10.0     1123.0        0.0        0.0
  28        0.0       3.0         0.0       10.0     1123.0        0.0        0.0
  29        0.0       3.0         0.0       10.0     1123.0        0.0        0.0
  30        0.0       2.0         0.0       10.0     1717.0        0.0        0.0
  31        0.0       2.0         0.0       10.0     1717.0        0.0        0.0
  32        0.0       2.0         0.0       10.0     1846.0        0.0        0.0
  33        0.0       2.0         0.0       10.0     1846.0        0.0        0.0
  34        0.0       2.0         0.0       10.0     1846.0        0.0        0.0
  35        0.0       2.0         0.0       10.0     1846.0        0.0        0.0
  36        0.0       2.0         0.0       10.0     1846.0        0.0        0.0
  37        0.0       2.0         0.0       10.0     1846.0        0.0        0.0
  38        0.0       2.0         0.0       10.0     1846.0        0.0        0.0
  39        0.0       2.0         0.0       11.0     1846.0        0.0        0.0
  40        0.0       2.0         0.0       11.0     1846.0        0.0        0.0
  41        0.0       2.0         0.0       11.0     1331.0        0.0        0.0
  42        0.0       2.0         0.0       11.0     1331.0        0.0        0.0
  43        0.0       2.0         0.0       11.0     1331.0        0.0        0.0
  44        0.0       2.0         0.0       11.0     1331.0        0.0        0.0
  45        0.0       2.0         0.0       12.0     1331.0        0.0        0.0
  46        0.0       2.0         0.0       12.0     1331.0        0.0        0.0
  47        0.0       2.0         0.0       12.0     1331.0        0.0        0.0
  48        0.0       2.0         0.0       12.0     1331.0        0.0        0.0
  49        0.0       2.0         0.0       12.0     1331.0        0.0        0.0

 PRODUCCIÓN DE ENERGÍA VS DEMANDA
--------------------------------------------------
 Año Producción (kWh) Demanda (kWh) Cumplimiento
   0                0   158,314,691         0.0%
   1      218,856,000   159,897,838       136.9%
   2      218,856,000   161,496,816       135.5%
   3      218,856,000   163,111,784       134.2%
   4      218,856,000   164,742,902       132.8%
   5      218,856,000   166,390,331       131.5%
   6      218,856,000   168,054,235       130.2%
   7      218,856,000   169,734,777       128.9%
   8      218,856,000   171,432,125       127.7%
   9      218,856,000   173,146,446       126.4%
  10      218,856,000   174,877,910       125.1%
  11      218,856,000   176,626,690       123.9%
  12      218,856,000   178,392,956       122.7%
  13      218,856,000   180,176,886       121.5%
  14      218,856,000   181,978,655       120.3%
  15      218,856,000   183,798,441       119.1%
  16      218,856,000   185,636,426       117.9%
  17      218,856,000   187,492,790       116.7%
  18      218,856,000   189,367,718       115.6%
  19      218,856,000   191,261,395       114.4%
  20      218,856,000   193,174,009       113.3%
  21      218,856,000   195,105,749       112.2%
  22      218,856,000   197,056,807       111.1%
  23      218,856,000   199,027,375       110.0%
  24      218,856,000   201,017,649       108.9%
  25      218,856,000   203,027,825       107.8%
  26      218,856,000   205,058,103       106.7%
  27      218,856,000   207,108,684       105.7%
  28      218,856,000   209,179,771       104.6%
  29      218,856,000   211,271,569       103.6%
  30      232,128,000   213,384,285       108.8%
  31      232,128,000   215,518,127       107.7%
  32      232,128,000   217,673,309       106.6%
  33      232,128,000   219,850,042       105.6%
  34      232,128,000   222,048,542       104.5%
  35      232,128,000   224,269,028       103.5%
  36      232,128,000   226,511,718       102.5%
  37      232,128,000   228,776,835       101.5%
  38      232,128,000   231,064,603       100.5%
  39      245,628,000   233,375,249       105.3%
  40      245,628,000   235,709,002       104.2%
  41      245,628,000   238,066,092       103.2%
  42      245,628,000   240,446,753       102.2%
  43      245,628,000   242,851,220       101.1%
  44      245,628,000   245,279,733       100.1%
  45      259,128,000   247,732,530       104.6%
  46      259,128,000   250,209,855       103.6%
  47      259,128,000   252,711,954       102.5%
  48      259,128,000   255,239,073       101.5%
  49      259,128,000   257,791,464       100.5%

USO DE TERRENOS
--------------------------------------------------
 Año Terreno 0 - Uso Terreno 0 - Arrendado Terreno 1 - Uso Terreno 1 - Arrendado
   0            3 u.                    Sí            0 u.                    Sí
   1        1,139 u.                    Sí        1,130 u.                    Sí
   2          571 u.                    Sí          565 u.                    Sí
   3          571 u.                    Sí          565 u.                    Sí
   4          571 u.                    Sí          565 u.                    Sí
   5          571 u.                    Sí          565 u.                    Sí
   6          571 u.                    Sí          565 u.                    Sí
   7          571 u.                    Sí          565 u.                    Sí
   8          571 u.                    Sí          565 u.                    Sí
   9          571 u.                    Sí          565 u.                    Sí
  10          669 u.                    Sí          565 u.                    Sí
  11          620 u.                    Sí          565 u.                    Sí
  12          620 u.                    Sí        1,683 u.                    Sí
  13          620 u.                    Sí        1,124 u.                    Sí
  14          620 u.                    Sí        1,124 u.                    Sí
  15          620 u.                    Sí        1,124 u.                    Sí
  16          620 u.                    Sí        1,124 u.                    Sí
  17          620 u.                    Sí        1,124 u.                    Sí
  18          620 u.                    Sí        1,124 u.                    Sí
  19          620 u.                    Sí        1,124 u.                    Sí
  20          620 u.                    Sí        1,124 u.                    Sí
  21        1,086 u.                    Sí          565 u.                    Sí
  22          571 u.                    Sí          565 u.                    Sí
  23          571 u.                    Sí          565 u.                    Sí
  24          571 u.                    Sí          565 u.                    Sí
  25          572 u.                    Sí          565 u.                    Sí
  26          575 u.                    Sí          570 u.                    Sí
  27          571 u.                    Sí          565 u.                    Sí
  28          571 u.                    Sí          565 u.                    Sí
  29          571 u.                    Sí          565 u.                    Sí
  30        1,332 u.                    Sí        1,041 u.                    Sí
  31          926 u.                    Sí          804 u.                    Sí
  32          926 u.                    Sí        1,620 u.                    Sí
  33          926 u.                    Sí          932 u.                    Sí
  34          926 u.                    Sí          932 u.                    Sí
  35          926 u.                    Sí          932 u.                    Sí
  36          926 u.                    Sí          932 u.                    Sí
  37          926 u.                    Sí          932 u.                    Sí
  38          926 u.                    Sí          932 u.                    Sí
  39          926 u.                    Sí          934 u.                    Sí
  40          926 u.                    Sí          933 u.                    Sí
  41          411 u.                    Sí          933 u.                    Sí
  42          411 u.                    Sí          933 u.                    Sí
  43          411 u.                    Sí          933 u.                    Sí
  44          411 u.                    Sí          933 u.                    Sí
  45          411 u.                    Sí          935 u.                    Sí
  46          411 u.                    Sí          934 u.                    Sí
  47          411 u.                    Sí          934 u.                    Sí
  48          411 u.                    Sí          934 u.                    Sí
  49          411 u.                    Sí          934 u.                    Sí

ALMACENAMIENTO EN BATERÍAS (Día 1 de cada año)
--------------------------------------------------
 Año Capacidad Total Energía Almacenada Porcentaje Uso
   0           0 kWh              0 kWh           0.0%
   1     258,290 kWh        245,102 kWh          94.9%
   2     258,290 kWh        245,102 kWh          94.9%
   3     258,290 kWh        245,102 kWh          94.9%
   4     258,290 kWh        245,102 kWh          94.9%
   5     258,290 kWh        245,102 kWh          94.9%
   6     258,290 kWh        245,102 kWh          94.9%
   7     258,290 kWh        245,102 kWh          94.9%
   8     258,290 kWh        245,102 kWh          94.9%
   9     258,290 kWh        245,102 kWh          94.9%
  10     269,560 kWh        245,113 kWh          90.9%
  11     269,560 kWh        245,113 kWh          90.9%
  12     398,130 kWh        373,672 kWh          93.9%
  13     398,130 kWh        373,672 kWh          93.9%
  14     398,130 kWh        373,672 kWh          93.9%
  15     398,130 kWh        373,672 kWh          93.9%
  16     398,130 kWh        373,672 kWh          93.9%
  17     398,130 kWh        373,672 kWh          93.9%
  18     398,130 kWh        373,672 kWh          93.9%
  19     398,130 kWh        373,672 kWh          93.9%
  20     398,130 kWh        373,672 kWh          93.9%
  21     258,290 kWh        245,102 kWh          94.9%
  22     258,290 kWh        245,102 kWh          94.9%
  23     258,290 kWh        245,102 kWh          94.9%
  24     258,290 kWh        245,102 kWh          94.9%
  25     258,290 kWh        245,102 kWh          94.9%
  26     258,290 kWh        245,102 kWh          94.9%
  27     258,290 kWh        245,102 kWh          94.9%
  28     258,290 kWh        245,102 kWh          94.9%
  29     258,290 kWh        245,102 kWh          94.9%
  30     394,910 kWh        276,460 kWh          70.0%
  31     394,910 kWh        276,460 kWh          70.0%
  32     424,580 kWh        291,410 kWh          68.6%
  33     424,580 kWh        291,410 kWh          68.6%
  34     424,580 kWh        291,410 kWh          68.6%
  35     424,580 kWh        291,410 kWh          68.6%
  36     424,580 kWh        291,410 kWh          68.6%
  37     424,580 kWh        291,410 kWh          68.6%
  38     424,580 kWh        291,410 kWh          68.6%
  39     424,580 kWh        269,345 kWh          63.4%
  40     424,580 kWh        269,345 kWh          63.4%
  41     306,130 kWh        269,115 kWh          87.9%
  42     306,130 kWh        269,115 kWh          87.9%
  43     306,130 kWh        291,180 kWh          95.1%
  44     306,130 kWh        291,180 kWh          95.1%
  45     306,130 kWh        291,180 kWh          95.1%
  46     306,130 kWh        291,180 kWh          95.1%
  47     306,130 kWh        291,180 kWh          95.1%
  48     306,130 kWh        291,180 kWh          95.1%
  49     306,130 kWh        291,180 kWh          95.1%

DIVERSIFICACIÓN ENERGÉTICA (Año 10)
--------------------------------------------------
• Producción Solar: 66,356,000 kWh (30.3%)
• Producción Eólica: 152,500,000 kWh (69.7%)

INVERSIÓN POR TIPO DE TECNOLOGÍA
--------------------------------------------------
• Solar Peq: $0 (0.0%)
• Solar Gr: $11,565,000 (6.4%)
• Eólica Peq: $0 (0.0%)
• Eólica Gr: $164,340,000 (90.6%)
• Bat Litio: $5,565,812 (3.1%)
• Bat Plomo: $0 (0.0%)
• Bat Flujo: $0 (0.0%)

VERIFICACIÓN DE FACTIBILIDAD
--------------------------------------------------
• Presupuesto: $181,738,112 / $450,000,000
• Año 3: Producción 218,856,000 ≥ Demanda 163,111,784
• Año 10: Producción 218,856,000 ≥ Demanda 174,877,910
• Año 15: Producción 218,856,000 ≥ Demanda 183,798,441
• Terreno 0, Año 0: 238,650/500,000 u²
• Terreno 0, Año 10: 339,849/500,000 u²
• Terreno 0, Año 15: 339,834/500,000 u²
• Terreno 1, Año 0: 0/500,000 u²
• Terreno 1, Año 10: 233,118/500,000 u²
• Terreno 1, Año 15: 233,285/500,000 u²

RECOMENDACIONES ESTRATÉGICAS
--------------------------------------------------
• Tecnología más construída: Batería Litio
• Total unidades: 3577.0
• Años de primera construcción:
  - Solar Grande: Año 0
  - Eólica Grande: Año 0
  - Batería Litio: Año 1

================================================================================
ANÁLISIS COMPLETADO EXITOSAMENTE
================================================================================
