
================================================================================
ANÁLISIS COMPLETO DE RESULTADOS
================================================================================

RESUMEN EJECUTIVO
--------------------------------------------------
• Inversión total infraestructura: $297,030,224 USD
• Costo arriendo total: $267,300 USD
• Emisiones totales de CO2: 950,236,200 kgCO2
• Energía total producida: 15,433,204,556 kWh
• Presupuesto utilizado: 66.1%

INFRAESTRUCTURA CONSTRUIDA POR AÑO
--------------------------------------------------
  Año  Solar Peq  Solar Gr  Eólica Peq  Eólica Gr  Bat Litio  Bat Plomo  Bat Flujo
    0        2.0       3.0         0.0        6.0     1139.0        0.0        0.0
    1        0.0       0.0         0.0        3.0        0.0        0.0        0.0
    2        0.0       0.0         0.0        0.0        0.0        0.0        0.0
    3        0.0       0.0         0.0        0.0        0.0        0.0        0.0
    4        0.0       0.0         0.0        0.0        0.0        0.0        0.0
    5        0.0       0.0         0.0        0.0        0.0        0.0        0.0
    6        0.0       0.0         0.0        0.0        0.0        0.0        0.0
    7        0.0       0.0         0.0        0.0        0.0        0.0        0.0
    8        0.0       0.0         0.0        0.0        0.0        0.0        0.0
    9        0.0       0.0         0.0        0.0        0.0        0.0        0.0
   10        0.0       1.0         0.0        1.0     1299.0        0.0        0.0
   11        0.0       0.0         0.0        3.0        0.0        0.0        0.0
   12        0.0       0.0         0.0        0.0        0.0        0.0        0.0
   13        0.0       0.0         0.0        0.0        0.0        0.0        0.0
   14        0.0       0.0         0.0        0.0        0.0        0.0        0.0
   15        0.0       0.0         0.0        0.0        0.0        0.0        0.0
   16        0.0       0.0         0.0        0.0        0.0        0.0        0.0
   17        0.0       0.0         0.0        0.0        0.0        0.0        0.0
   18        0.0       0.0         0.0        0.0      387.0        0.0        0.0
   19        0.0       0.0         0.0        0.0        0.0        0.0        0.0
   20        0.0       0.0         0.0        0.0        0.0        0.0        0.0
   21        0.0       0.0         0.0        0.0        0.0        0.0        0.0
   22        0.0       0.0         0.0        0.0        0.0        0.0        0.0
   23        0.0       0.0         0.0        0.0        0.0        0.0        0.0
   24        0.0       0.0         0.0        0.0        0.0        0.0        0.0
   25        0.0       0.0         0.0        6.0        0.0        0.0        0.0
   26        0.0       0.0         0.0        3.0        0.0        0.0        0.0
   27        0.0       0.0         0.0        1.0        0.0        0.0        0.0
   28        0.0       0.0         0.0        0.0        0.0        0.0        0.0
   29        0.0       0.0         0.0        0.0        0.0        0.0        0.0
   30       32.0       1.0         0.0        1.0     2154.0        0.0        0.0
   31        0.0       0.0         0.0        0.0        0.0        0.0        0.0
   32        0.0       0.0         0.0        2.0        0.0        0.0        0.0
   33        0.0       0.0         0.0        0.0        0.0        0.0        0.0
   34        0.0       0.0         0.0        0.0        0.0        0.0        0.0
   35        0.0       0.0         0.0        0.0        0.0        0.0        0.0
   36        0.0       1.0         0.0        2.0        0.0        0.0        0.0
   37        0.0       0.0         0.0        0.0      560.0        0.0        0.0
   38        0.0       0.0         0.0        0.0        0.0        0.0        0.0
   39        0.0       0.0         0.0        2.0        0.0        0.0        0.0
   40        0.0       1.0         0.0        0.0        0.0        0.0        0.0
   41        0.0       0.0         0.0        1.0        0.0        0.0        0.0
   42        0.0       0.0         0.0        0.0        0.0        0.0        0.0
   43        0.0       0.0         0.0        0.0        0.0        0.0        0.0
   44        0.0       0.0         0.0        1.0        1.0        0.0        0.0
   45        0.0       0.0         0.0        2.0        0.0        0.0        0.0
   46        0.0       0.0         0.0        0.0        0.0        0.0        0.0
   47        0.0       0.0         0.0        1.0        0.0        0.0        0.0
   48        0.0       0.0         0.0        1.0       64.0        0.0        0.0
   49        0.0       0.0         0.0        0.0        0.0        0.0        0.0
TOTAL       34.0       7.0         0.0       36.0     5604.0        0.0        0.0

INFRAESTRUCTURA EN OPERACIÓN POR AÑO
--------------------------------------------------
 Año  Solar Peq  Solar Gr  Eólica Peq  Eólica Gr  Bat Litio  Bat Plomo  Bat Flujo
   0        0.0       0.0         0.0        0.0        0.0        0.0        0.0
   1        2.0       3.0         0.0        9.0     1139.0        0.0        0.0
   2        2.0       3.0         0.0        9.0     1139.0        0.0        0.0
   3        2.0       3.0         0.0        9.0     1139.0        0.0        0.0
   4        2.0       3.0         0.0        9.0     1139.0        0.0        0.0
   5        2.0       3.0         0.0        9.0     1139.0        0.0        0.0
   6        2.0       3.0         0.0        9.0     1139.0        0.0        0.0
   7        2.0       3.0         0.0        9.0     1139.0        0.0        0.0
   8        2.0       3.0         0.0        9.0     1139.0        0.0        0.0
   9        2.0       3.0         0.0        9.0     1139.0        0.0        0.0
  10        2.0       4.0         0.0       10.0     2438.0        0.0        0.0
  11        2.0       4.0         0.0       13.0     2438.0        0.0        0.0
  12        2.0       4.0         0.0       13.0     2438.0        0.0        0.0
  13        2.0       4.0         0.0       13.0     2438.0        0.0        0.0
  14        2.0       4.0         0.0       13.0     2438.0        0.0        0.0
  15        2.0       4.0         0.0       13.0     2438.0        0.0        0.0
  16        2.0       4.0         0.0       13.0     2438.0        0.0        0.0
  17        2.0       4.0         0.0       13.0     2438.0        0.0        0.0
  18        2.0       4.0         0.0       13.0     2825.0        0.0        0.0
  19        2.0       4.0         0.0       13.0     2825.0        0.0        0.0
  20        2.0       4.0         0.0       13.0     1686.0        0.0        0.0
  21        2.0       4.0         0.0       13.0     1686.0        0.0        0.0
  22        2.0       4.0         0.0       13.0     1686.0        0.0        0.0
  23        2.0       4.0         0.0       13.0     1686.0        0.0        0.0
  24        2.0       4.0         0.0       13.0     1686.0        0.0        0.0
  25        2.0       4.0         0.0       13.0     1686.0        0.0        0.0
  26        2.0       4.0         0.0       13.0     1686.0        0.0        0.0
  27        2.0       4.0         0.0       14.0     1686.0        0.0        0.0
  28        2.0       4.0         0.0       14.0     1686.0        0.0        0.0
  29        2.0       4.0         0.0       14.0     1686.0        0.0        0.0
  30       32.0       2.0         0.0       15.0     2541.0        0.0        0.0
  31       32.0       2.0         0.0       15.0     2541.0        0.0        0.0
  32       32.0       2.0         0.0       17.0     2541.0        0.0        0.0
  33       32.0       2.0         0.0       17.0     2541.0        0.0        0.0
  34       32.0       2.0         0.0       17.0     2541.0        0.0        0.0
  35       32.0       2.0         0.0       16.0     2541.0        0.0        0.0
  36       32.0       3.0         0.0       15.0     2541.0        0.0        0.0
  37       32.0       3.0         0.0       15.0     3101.0        0.0        0.0
  38       32.0       3.0         0.0       15.0     2714.0        0.0        0.0
  39       32.0       3.0         0.0       17.0     2714.0        0.0        0.0
  40       32.0       3.0         0.0       17.0     2714.0        0.0        0.0
  41       32.0       3.0         0.0       18.0     2714.0        0.0        0.0
  42       32.0       3.0         0.0       18.0     2714.0        0.0        0.0
  43       32.0       3.0         0.0       18.0     2714.0        0.0        0.0
  44       32.0       3.0         0.0       19.0     2715.0        0.0        0.0
  45       32.0       3.0         0.0       21.0     2715.0        0.0        0.0
  46       32.0       3.0         0.0       21.0     2715.0        0.0        0.0
  47       32.0       3.0         0.0       22.0     2715.0        0.0        0.0
  48       32.0       3.0         0.0       23.0     2779.0        0.0        0.0
  49       32.0       3.0         0.0       23.0     2779.0        0.0        0.0

 PRODUCCIÓN DE ENERGÍA VS DEMANDA
--------------------------------------------------
 Año Producción (kWh) Demanda (kWh) Cumplimiento
   0                0   158,314,691         0.0%
   1      218,510,000   162,272,558       134.7%
   2      218,510,000   166,329,372       131.4%
   3      218,510,000   170,487,607       128.2%
   4      218,510,000   174,749,797       125.0%
   5      218,510,000   179,118,542       122.0%
   6      218,510,000   183,596,505       119.0%
   7      218,510,000   188,186,418       116.1%
   8      218,510,000   192,891,078       113.3%
   9      218,510,000   197,713,355       110.5%
  10      271,824,000   202,656,189       134.1%
  11      312,324,000   207,722,594       150.4%
  12      312,324,000   212,915,659       146.7%
  13      312,324,000   218,238,550       143.1%
  14      312,324,000   223,694,514       139.6%
  15      312,324,000   229,286,877       136.2%
  16      312,324,000   235,019,049       132.9%
  17      312,324,000   240,894,525       129.7%
  18      312,324,000   246,916,888       126.5%
  19      312,324,000   253,089,810       123.4%
  20      312,324,000   259,417,055       120.4%
  21      312,324,000   265,902,482       117.5%
  22      312,324,000   272,550,044       114.6%
  23      312,324,000   279,363,795       111.8%
  24      312,324,000   286,347,890       109.1%
  25      308,824,000   293,506,587       105.2%
  26      308,824,000   300,844,252       102.7%
  27      325,824,000   308,365,358       105.7%
  28      325,824,000   316,074,492       103.1%
  29      325,824,000   323,976,354       100.6%
  30      356,092,000   332,075,763       107.2%
  31      356,092,000   340,377,657       104.6%
  32      390,092,000   348,887,099       111.8%
  33      390,092,000   357,609,276       109.1%
  34      390,092,000   366,549,508       106.4%
  35      376,592,000   375,713,246       100.2%
  36      409,906,000   385,106,077       106.4%
  37      409,906,000   394,733,729       103.8%
  38      409,906,000   404,602,072       101.3%
  39      443,906,000   414,717,124       107.0%
  40      443,906,000   425,085,052       104.4%
  41      460,906,000   435,712,178       105.8%
  42      460,906,000   446,604,983       103.2%
  43      460,906,000   457,770,107       100.7%
  44      477,906,000   469,214,360       101.9%
  45      504,906,000   480,944,719       105.0%
  46      504,906,000   492,968,337       102.4%
  47      518,406,000   505,292,545       102.6%
  48      531,906,000   517,924,859       102.7%
  49      531,906,000   530,872,980       100.2%

USO DE TERRENOS
--------------------------------------------------
 Año Terreno 0 - Uso Terreno 0 - Arrendado Terreno 1 - Uso Terreno 1 - Arrendado
   0          824 u.                    Sí          326 u.                    Sí
   1          830 u.                    Sí          326 u.                    Sí
   2          827 u.                    Sí          326 u.                    Sí
   3          827 u.                    Sí          326 u.                    Sí
   4          827 u.                    Sí          326 u.                    Sí
   5          827 u.                    Sí          326 u.                    Sí
   6          827 u.                    Sí          326 u.                    Sí
   7          827 u.                    Sí          326 u.                    Sí
   8          827 u.                    Sí          326 u.                    Sí
   9          827 u.                    Sí          326 u.                    Sí
  10        2,459 u.                    Sí        1,296 u.                    Sí
  11        1,643 u.                    Sí          817 u.                    Sí
  12        1,643 u.                    Sí          814 u.                    Sí
  13        1,643 u.                    Sí          814 u.                    Sí
  14        1,643 u.                    Sí          814 u.                    Sí
  15        1,643 u.                    Sí          814 u.                    Sí
  16        1,643 u.                    Sí          814 u.                    Sí
  17        1,643 u.                    Sí          814 u.                    Sí
  18        1,643 u.                    Sí        1,588 u.                    Sí
  19        1,643 u.                    Sí        1,201 u.                    Sí
  20          827 u.                    Sí          878 u.                    Sí
  21          827 u.                    Sí          878 u.                    Sí
  22          827 u.                    Sí          878 u.                    Sí
  23          827 u.                    Sí          878 u.                    Sí
  24          827 u.                    Sí          878 u.                    Sí
  25          830 u.                    Sí          881 u.                    Sí
  26          829 u.                    Sí          879 u.                    Sí
  27          828 u.                    Sí          879 u.                    Sí
  28          827 u.                    Sí          879 u.                    Sí
  29          827 u.                    Sí          879 u.                    Sí
  30        3,434 u.                    Sí        1,344 u.                    Sí
  31        1,721 u.                    Sí          869 u.                    Sí
  32        1,725 u.                    Sí          869 u.                    Sí
  33        1,723 u.                    Sí          869 u.                    Sí
  34        1,723 u.                    Sí          869 u.                    Sí
  35        1,723 u.                    Sí          868 u.                    Sí
  36        1,727 u.                    Sí          867 u.                    Sí
  37        1,725 u.                    Sí        1,986 u.                    Sí
  38        1,725 u.                    Sí        1,039 u.                    Sí
  39        1,729 u.                    Sí        1,039 u.                    Sí
  40        1,727 u.                    Sí        1,040 u.                    Sí
  41        1,729 u.                    Sí        1,039 u.                    Sí
  42        1,728 u.                    Sí        1,039 u.                    Sí
  43        1,728 u.                    Sí        1,039 u.                    Sí
  44        1,732 u.                    Sí        1,039 u.                    Sí
  45        1,730 u.                    Sí        1,043 u.                    Sí
  46        1,730 u.                    Sí        1,041 u.                    Sí
  47        1,730 u.                    Sí        1,043 u.                    Sí
  48        1,730 u.                    Sí        1,172 u.                    Sí
  49        1,730 u.                    Sí        1,107 u.                    Sí

ALMACENAMIENTO EN BATERÍAS (Día 1 de cada año)
--------------------------------------------------
 Año Capacidad Total Energía Almacenada Porcentaje Uso
   0           0 kWh              0 kWh           0.0%
   1     261,970 kWh        245,698 kWh          93.8%
   2     261,970 kWh        245,698 kWh          93.8%
   3     261,970 kWh        245,698 kWh          93.8%
   4     261,970 kWh        245,698 kWh          93.8%
   5     261,970 kWh        245,698 kWh          93.8%
   6     261,970 kWh        245,698 kWh          93.8%
   7     261,970 kWh        245,698 kWh          93.8%
   8     261,970 kWh        245,698 kWh          93.8%
   9     261,970 kWh        245,698 kWh          93.8%
  10     560,740 kWh        248,840 kWh          44.4%
  11     560,740 kWh        187,813 kWh          33.5%
  12     560,740 kWh        187,813 kWh          33.5%
  13     560,740 kWh        187,813 kWh          33.5%
  14     560,740 kWh        187,813 kWh          33.5%
  15     560,740 kWh        187,813 kWh          33.5%
  16     560,740 kWh        187,813 kWh          33.5%
  17     560,740 kWh        187,813 kWh          33.5%
  18     649,750 kWh        205,615 kWh          31.6%
  19     649,750 kWh        205,615 kWh          31.6%
  20     387,780 kWh        387,780 kWh         100.0%
  21     387,780 kWh        387,780 kWh         100.0%
  22     387,780 kWh        387,780 kWh         100.0%
  23     387,780 kWh        387,780 kWh         100.0%
  24     387,780 kWh        387,780 kWh         100.0%
  25     387,780 kWh        387,780 kWh         100.0%
  26     387,780 kWh        387,780 kWh         100.0%
  27     387,780 kWh        387,780 kWh         100.0%
  28     387,780 kWh        387,780 kWh         100.0%
  29     387,780 kWh        387,780 kWh         100.0%
  30     584,430 kWh        584,430 kWh         100.0%
  31     584,430 kWh        584,430 kWh         100.0%
  32     584,430 kWh        584,430 kWh         100.0%
  33     584,430 kWh        584,430 kWh         100.0%
  34     584,430 kWh        584,430 kWh         100.0%
  35     584,430 kWh        584,430 kWh         100.0%
  36     584,430 kWh        584,430 kWh         100.0%
  37     713,230 kWh        713,230 kWh         100.0%
  38     624,220 kWh        624,220 kWh         100.0%
  39     624,220 kWh        124,844 kWh          20.0%
  40     624,220 kWh        124,844 kWh          20.0%
  41     624,220 kWh        124,844 kWh          20.0%
  42     624,220 kWh        124,844 kWh          20.0%
  43     624,220 kWh        124,844 kWh          20.0%
  44     624,450 kWh        124,890 kWh          20.0%
  45     624,450 kWh        124,890 kWh          20.0%
  46     624,450 kWh        124,890 kWh          20.0%
  47     624,450 kWh        124,890 kWh          20.0%
  48     639,170 kWh        127,834 kWh          20.0%
  49     639,170 kWh        127,834 kWh          20.0%

DIVERSIFICACIÓN ENERGÉTICA (Año 10)
--------------------------------------------------
• Producción Solar: 108,824,000 kWh (40.0%)
• Producción Eólica: 163,000,000 kWh (60.0%)

INVERSIÓN POR TIPO DE TECNOLOGÍA
--------------------------------------------------
• Solar Peq: $3,199,400 (1.1%)
• Solar Gr: $16,191,000 (5.5%)
• Eólica Peq: $0 (0.0%)
• Eólica Gr: $268,920,000 (90.5%)
• Bat Litio: $8,719,824 (2.9%)
• Bat Plomo: $0 (0.0%)
• Bat Flujo: $0 (0.0%)

VERIFICACIÓN DE FACTIBILIDAD
--------------------------------------------------
• Presupuesto: $297,297,524 / $450,000,000
• Año 3: Producción 218,510,000 ≥ Demanda 170,487,607
• Año 10: Producción 271,824,000 ≥ Demanda 202,656,189
• Año 15: Producción 312,324,000 ≥ Demanda 229,286,877
• Terreno 0, Año 0: 340,895/500,000 u²
• Terreno 0, Año 10: 417,134/500,000 u²
• Terreno 0, Año 15: 416,890/500,000 u²
• Terreno 1, Año 0: 133,047/500,000 u²
• Terreno 1, Año 10: 397,237/500,000 u²
• Terreno 1, Año 15: 340,892/500,000 u²

RECOMENDACIONES ESTRATÉGICAS
--------------------------------------------------
• Tecnología más construída: Batería Litio
• Total unidades: 5604.0
• Años de primera construcción:
  - Solar Pequeña: Año 0
  - Solar Grande: Año 0
  - Eólica Grande: Año 0
  - Batería Litio: Año 0

================================================================================
ANÁLISIS COMPLETADO EXITOSAMENTE
================================================================================
