
================================================================================
ANÁLISIS COMPLETO DE RESULTADOS
================================================================================

RESUMEN EJECUTIVO
--------------------------------------------------
• Inversión total infraestructura: $228,992,464 USD
• Costo arriendo total: $267,300 USD
• Emisiones totales de CO2: 806,846,720 kgCO2
• Energía total producida: 13,390,161,806 kWh
• Presupuesto utilizado: 50.9%

INFRAESTRUCTURA CONSTRUIDA POR AÑO
--------------------------------------------------
  Año  Solar Peq  Solar Gr  Eólica Peq  Eólica Gr  Bat Litio  Bat Plomo  Bat Flujo
    0        0.0       2.0         0.0        8.0        4.0        0.0        0.0
    1        4.0       0.0         0.0        0.0     1163.0        0.0        0.0
    2        0.0       0.0         0.0        0.0        0.0        0.0        0.0
    3        0.0       0.0         0.0        0.0        0.0        0.0        0.0
    4        0.0       0.0         0.0        0.0        0.0        0.0        0.0
    5        0.0       0.0         0.0        0.0        0.0        0.0        0.0
    6        0.0       0.0         0.0        0.0        0.0        0.0        0.0
    7        0.0       0.0         0.0        0.0        0.0        0.0        0.0
    8        0.0       0.0         0.0        0.0        0.0        0.0        0.0
    9        0.0       0.0         0.0        0.0        0.0        0.0        0.0
   10        0.0       0.0         0.0        0.0      829.0        0.0        0.0
   11        0.0       0.0         0.0        0.0        0.0        0.0        0.0
   12        0.0       0.0         0.0        0.0        0.0        0.0        0.0
   13        0.0       0.0         0.0        0.0        0.0        0.0        0.0
   14        0.0       0.0         0.0        0.0        0.0        0.0        0.0
   15        0.0       0.0         0.0        0.0        0.0        0.0        0.0
   16        0.0       0.0         0.0        0.0        0.0        0.0        0.0
   17        0.0       0.0         0.0        2.0        0.0        0.0        0.0
   18        0.0       0.0         0.0        0.0        0.0        0.0        0.0
   19        0.0       0.0         0.0        0.0        0.0        0.0        0.0
   20        0.0       0.0         0.0        0.0        0.0        0.0        0.0
   21        0.0       0.0         0.0        0.0      622.0        0.0        0.0
   22        0.0       0.0         0.0        0.0        0.0        0.0        0.0
   23        0.0       0.0         0.0        0.0        0.0        0.0        0.0
   24        0.0       0.0         0.0        0.0        0.0        0.0        0.0
   25        0.0       0.0         0.0        9.0        0.0        0.0        0.0
   26        0.0       0.0         0.0        1.0        0.0        0.0        0.0
   27        0.0       0.0         0.0        0.0        0.0        0.0        0.0
   28        0.0       0.0         0.0        0.0        0.0        0.0        0.0
   29        0.0       0.0         0.0        0.0        0.0        0.0        0.0
   30        4.0       2.0         0.0        0.0     2151.0        0.0        0.0
   31        0.0       1.0         0.0        0.0        0.0        0.0        0.0
   32        0.0       0.0         0.0        0.0        0.0        0.0        0.0
   33        0.0       0.0         0.0        0.0        0.0        0.0        0.0
   34        0.0       0.0         0.0        0.0        0.0        0.0        0.0
   35        0.0       0.0         0.0        0.0        0.0        0.0        0.0
   36        0.0       0.0         0.0        1.0        0.0        0.0        0.0
   37        0.0       0.0         0.0        1.0        0.0        0.0        0.0
   38        0.0       0.0         0.0        0.0        0.0        0.0        0.0
   39        0.0       0.0         0.0        0.0        0.0        0.0        0.0
   40        0.0       0.0         0.0        0.0        0.0        0.0        0.0
   41        1.0       0.0         0.0        0.0        0.0        0.0        0.0
   42        0.0       0.0         0.0        3.0        0.0        0.0        0.0
   43        0.0       0.0         0.0        1.0        0.0        0.0        0.0
   44        0.0       0.0         0.0        0.0        0.0        0.0        0.0
   45        0.0       0.0         0.0        0.0        0.0        0.0        0.0
   46        0.0       0.0         0.0        1.0        0.0        0.0        0.0
   47        0.0       0.0         0.0        0.0        0.0        0.0        0.0
   48        0.0       0.0         0.0        1.0        0.0        0.0        0.0
   49        0.0       0.0         0.0        0.0        0.0        0.0        0.0
TOTAL        9.0       5.0         0.0       28.0     4769.0        0.0        0.0

INFRAESTRUCTURA EN OPERACIÓN POR AÑO
--------------------------------------------------
 Año  Solar Peq  Solar Gr  Eólica Peq  Eólica Gr  Bat Litio  Bat Plomo  Bat Flujo
   0        0.0       0.0         0.0        0.0        0.0        0.0        0.0
   1        4.0       2.0         0.0        8.0     1167.0        0.0        0.0
   2        4.0       2.0         0.0        8.0     1167.0        0.0        0.0
   3        4.0       2.0         0.0        8.0     1167.0        0.0        0.0
   4        4.0       2.0         0.0        8.0     1167.0        0.0        0.0
   5        4.0       2.0         0.0        8.0     1167.0        0.0        0.0
   6        4.0       2.0         0.0        8.0     1167.0        0.0        0.0
   7        4.0       2.0         0.0        8.0     1167.0        0.0        0.0
   8        4.0       2.0         0.0        8.0     1167.0        0.0        0.0
   9        4.0       2.0         0.0        8.0     1167.0        0.0        0.0
  10        4.0       2.0         0.0        8.0     1996.0        0.0        0.0
  11        4.0       2.0         0.0        8.0     1996.0        0.0        0.0
  12        4.0       2.0         0.0        8.0     1996.0        0.0        0.0
  13        4.0       2.0         0.0        8.0     1996.0        0.0        0.0
  14        4.0       2.0         0.0        8.0     1996.0        0.0        0.0
  15        4.0       2.0         0.0        8.0     1996.0        0.0        0.0
  16        4.0       2.0         0.0        8.0     1996.0        0.0        0.0
  17        4.0       2.0         0.0       10.0     1996.0        0.0        0.0
  18        4.0       2.0         0.0       10.0     1996.0        0.0        0.0
  19        4.0       2.0         0.0       10.0     1996.0        0.0        0.0
  20        4.0       2.0         0.0       10.0     1992.0        0.0        0.0
  21        4.0       2.0         0.0       10.0     1451.0        0.0        0.0
  22        4.0       2.0         0.0       10.0     1451.0        0.0        0.0
  23        4.0       2.0         0.0       10.0     1451.0        0.0        0.0
  24        4.0       2.0         0.0       10.0     1451.0        0.0        0.0
  25        4.0       2.0         0.0       11.0     1451.0        0.0        0.0
  26        4.0       2.0         0.0       12.0     1451.0        0.0        0.0
  27        4.0       2.0         0.0       12.0     1451.0        0.0        0.0
  28        4.0       2.0         0.0       12.0     1451.0        0.0        0.0
  29        4.0       2.0         0.0       12.0     1451.0        0.0        0.0
  30        8.0       2.0         0.0       12.0     2773.0        0.0        0.0
  31        4.0       3.0         0.0       12.0     2773.0        0.0        0.0
  32        4.0       3.0         0.0       12.0     2773.0        0.0        0.0
  33        4.0       3.0         0.0       12.0     2773.0        0.0        0.0
  34        4.0       3.0         0.0       12.0     2773.0        0.0        0.0
  35        4.0       3.0         0.0       12.0     2773.0        0.0        0.0
  36        4.0       3.0         0.0       13.0     2773.0        0.0        0.0
  37        4.0       3.0         0.0       14.0     2773.0        0.0        0.0
  38        4.0       3.0         0.0       14.0     2773.0        0.0        0.0
  39        4.0       3.0         0.0       14.0     2773.0        0.0        0.0
  40        4.0       3.0         0.0       14.0     2773.0        0.0        0.0
  41        5.0       3.0         0.0       14.0     2151.0        0.0        0.0
  42        5.0       3.0         0.0       15.0     2151.0        0.0        0.0
  43        5.0       3.0         0.0       16.0     2151.0        0.0        0.0
  44        5.0       3.0         0.0       16.0     2151.0        0.0        0.0
  45        5.0       3.0         0.0       16.0     2151.0        0.0        0.0
  46        5.0       3.0         0.0       17.0     2151.0        0.0        0.0
  47        5.0       3.0         0.0       17.0     2151.0        0.0        0.0
  48        5.0       3.0         0.0       18.0     2151.0        0.0        0.0
  49        5.0       3.0         0.0       18.0     2151.0        0.0        0.0

 PRODUCCIÓN DE ENERGÍA VS DEMANDA
--------------------------------------------------
 Año Producción (kWh) Demanda (kWh) Cumplimiento
   0                0   158,314,691         0.0%
   1      220,936,000   161,480,985       136.8%
   2      220,936,000   164,710,605       134.1%
   3      220,936,000   168,004,817       131.5%
   4      220,936,000   171,364,913       128.9%
   5      220,936,000   174,792,211       126.4%
   6      220,936,000   178,288,055       123.9%
   7      220,936,000   181,853,817       121.5%
   8      220,936,000   185,490,893       119.1%
   9      220,936,000   189,200,711       116.8%
  10      220,936,000   192,984,725       114.5%
  11      220,936,000   196,844,419       112.2%
  12      220,936,000   200,781,308       110.0%
  13      220,936,000   204,796,934       107.9%
  14      220,936,000   208,892,873       105.8%
  15      220,936,000   213,070,730       103.7%
  16      220,936,000   217,332,145       101.7%
  17      254,936,000   221,678,788       115.0%
  18      254,936,000   226,112,363       112.7%
  19      254,936,000   230,634,611       110.5%
  20      254,936,000   235,247,303       108.4%
  21      254,936,000   239,952,249       106.2%
  22      254,936,000   244,751,294       104.2%
  23      254,936,000   249,646,320       102.1%
  24      254,936,000   254,639,246       100.1%
  25      264,936,000   259,732,031       102.0%
  26      281,936,000   264,926,672       106.4%
  27      281,936,000   270,225,205       104.3%
  28      281,936,000   275,629,709       102.3%
  29      281,936,000   281,142,303       100.3%
  30      287,244,000   286,765,149       100.2%
  31      321,750,000   292,500,452       110.0%
  32      321,750,000   298,350,462       107.8%
  33      321,750,000   304,317,471       105.7%
  34      321,750,000   310,403,820       103.7%
  35      321,750,000   316,611,897       101.6%
  36      338,750,000   322,944,134       104.9%
  37      355,750,000   329,403,017       108.0%
  38      355,750,000   335,991,078       105.9%
  39      355,750,000   342,710,899       103.8%
  40      355,750,000   349,565,117       101.8%
  41      357,077,000   356,556,419       100.1%
  42      374,077,000   363,687,548       102.9%
  43      391,077,000   370,961,299       105.4%
  44      391,077,000   378,380,525       103.4%
  45      391,077,000   385,948,135       101.3%
  46      404,577,000   393,667,098       102.8%
  47      404,577,000   401,540,440       100.8%
  48      418,077,000   409,571,249       102.1%
  49      418,077,000   417,762,674       100.1%

USO DE TERRENOS
--------------------------------------------------
 Año Terreno 0 - Uso Terreno 0 - Arrendado Terreno 1 - Uso Terreno 1 - Arrendado
   0            8 u.                    Sí            6 u.                    Sí
   1        1,350 u.                    Sí          998 u.                    Sí
   2          679 u.                    Sí          502 u.                    Sí
   3          679 u.                    Sí          502 u.                    Sí
   4          679 u.                    Sí          502 u.                    Sí
   5          679 u.                    Sí          502 u.                    Sí
   6          679 u.                    Sí          502 u.                    Sí
   7          679 u.                    Sí          502 u.                    Sí
   8          679 u.                    Sí          502 u.                    Sí
   9          679 u.                    Sí          502 u.                    Sí
  10        2,337 u.                    Sí          502 u.                    Sí
  11        1,508 u.                    Sí          502 u.                    Sí
  12        1,508 u.                    Sí          502 u.                    Sí
  13        1,508 u.                    Sí          502 u.                    Sí
  14        1,508 u.                    Sí          502 u.                    Sí
  15        1,508 u.                    Sí          502 u.                    Sí
  16        1,508 u.                    Sí          502 u.                    Sí
  17        1,512 u.                    Sí          502 u.                    Sí
  18        1,510 u.                    Sí          502 u.                    Sí
  19        1,510 u.                    Sí          502 u.                    Sí
  20        1,510 u.                    Sí          498 u.                    Sí
  21          841 u.                    Sí        1,248 u.                    Sí
  22          841 u.                    Sí          626 u.                    Sí
  23          841 u.                    Sí          626 u.                    Sí
  24          841 u.                    Sí          626 u.                    Sí
  25          847 u.                    Sí          630 u.                    Sí
  26          842 u.                    Sí          628 u.                    Sí
  27          841 u.                    Sí          628 u.                    Sí
  28          841 u.                    Sí          628 u.                    Sí
  29          841 u.                    Sí          628 u.                    Sí
  30        2,384 u.                    Sí        2,568 u.                    Sí
  31        1,196 u.                    Sí        1,597 u.                    Sí
  32        1,196 u.                    Sí        1,596 u.                    Sí
  33        1,196 u.                    Sí        1,596 u.                    Sí
  34        1,196 u.                    Sí        1,596 u.                    Sí
  35        1,196 u.                    Sí        1,596 u.                    Sí
  36        1,198 u.                    Sí        1,596 u.                    Sí
  37        1,199 u.                    Sí        1,596 u.                    Sí
  38        1,198 u.                    Sí        1,596 u.                    Sí
  39        1,198 u.                    Sí        1,596 u.                    Sí
  40        1,198 u.                    Sí        1,596 u.                    Sí
  41        1,200 u.                    Sí          974 u.                    Sí
  42        1,203 u.                    Sí          974 u.                    Sí
  43        1,202 u.                    Sí          974 u.                    Sí
  44        1,201 u.                    Sí          974 u.                    Sí
  45        1,201 u.                    Sí          974 u.                    Sí
  46        1,201 u.                    Sí          976 u.                    Sí
  47        1,201 u.                    Sí          975 u.                    Sí
  48        1,201 u.                    Sí          977 u.                    Sí
  49        1,201 u.                    Sí          976 u.                    Sí

ALMACENAMIENTO EN BATERÍAS (Día 1 de cada año)
--------------------------------------------------
 Año Capacidad Total Energía Almacenada Porcentaje Uso
   0           0 kWh              0 kWh           0.0%
   1     268,410 kWh        252,820 kWh          94.2%
   2     268,410 kWh        252,820 kWh          94.2%
   3     268,410 kWh        252,820 kWh          94.2%
   4     268,410 kWh        252,820 kWh          94.2%
   5     268,410 kWh        252,820 kWh          94.2%
   6     268,410 kWh        252,820 kWh          94.2%
   7     268,410 kWh        252,820 kWh          94.2%
   8     268,410 kWh        252,820 kWh          94.2%
   9     268,410 kWh        252,820 kWh          94.2%
  10     459,080 kWh        290,954 kWh          63.4%
  11     459,080 kWh        290,954 kWh          63.4%
  12     459,080 kWh        290,954 kWh          63.4%
  13     459,080 kWh        290,954 kWh          63.4%
  14     459,080 kWh        290,954 kWh          63.4%
  15     459,080 kWh        290,954 kWh          63.4%
  16     459,080 kWh        290,954 kWh          63.4%
  17     459,080 kWh        239,721 kWh          52.2%
  18     459,080 kWh        239,721 kWh          52.2%
  19     459,080 kWh        239,721 kWh          52.2%
  20     458,160 kWh        239,537 kWh          52.3%
  21     333,730 kWh        333,730 kWh         100.0%
  22     333,730 kWh        333,730 kWh         100.0%
  23     333,730 kWh        333,730 kWh         100.0%
  24     333,730 kWh        333,730 kWh         100.0%
  25     333,730 kWh        333,730 kWh         100.0%
  26     333,730 kWh        333,730 kWh         100.0%
  27     333,730 kWh        333,730 kWh         100.0%
  28     333,730 kWh        333,730 kWh         100.0%
  29     333,730 kWh        333,730 kWh         100.0%
  30     637,790 kWh        229,943 kWh          36.1%
  31     637,790 kWh        198,510 kWh          31.1%
  32     637,790 kWh        198,510 kWh          31.1%
  33     637,790 kWh        198,510 kWh          31.1%
  34     637,790 kWh        198,510 kWh          31.1%
  35     637,790 kWh        198,510 kWh          31.1%
  36     637,790 kWh        172,893 kWh          27.1%
  37     637,790 kWh        637,790 kWh         100.0%
  38     637,790 kWh        637,790 kWh         100.0%
  39     637,790 kWh        637,790 kWh         100.0%
  40     637,790 kWh        637,790 kWh         100.0%
  41     494,730 kWh        494,730 kWh         100.0%
  42     494,730 kWh        494,730 kWh         100.0%
  43     494,730 kWh        494,730 kWh         100.0%
  44     494,730 kWh        494,730 kWh         100.0%
  45     494,730 kWh        494,730 kWh         100.0%
  46     494,730 kWh         98,946 kWh          20.0%
  47     494,730 kWh         98,946 kWh          20.0%
  48     494,730 kWh         98,946 kWh          20.0%
  49     494,730 kWh         98,946 kWh          20.0%

DIVERSIFICACIÓN ENERGÉTICA (Año 10)
--------------------------------------------------
• Producción Solar: 84,936,000 kWh (38.4%)
• Producción Eólica: 136,000,000 kWh (61.6%)

INVERSIÓN POR TIPO DE TECNOLOGÍA
--------------------------------------------------
• Solar Peq: $846,900 (0.4%)
• Solar Gr: $11,565,000 (5.1%)
• Eólica Peq: $0 (0.0%)
• Eólica Gr: $209,160,000 (91.3%)
• Bat Litio: $7,420,564 (3.2%)
• Bat Plomo: $0 (0.0%)
• Bat Flujo: $0 (0.0%)

VERIFICACIÓN DE FACTIBILIDAD
--------------------------------------------------
• Presupuesto: $229,259,764 / $450,000,000
• Año 3: Producción 220,936,000 ≥ Demanda 168,004,817
• Año 10: Producción 220,936,000 ≥ Demanda 192,984,725
• Año 15: Producción 220,936,000 ≥ Demanda 213,070,730
• Terreno 0, Año 0: 202,000/500,000 u²
• Terreno 0, Año 10: 204,698/500,000 u²
• Terreno 0, Año 15: 204,449/500,000 u²
• Terreno 1, Año 0: 213,401/500,000 u²
• Terreno 1, Año 10: 215,549/500,000 u²
• Terreno 1, Año 15: 215,549/500,000 u²

RECOMENDACIONES ESTRATÉGICAS
--------------------------------------------------
• Tecnología más construída: Batería Litio
• Total unidades: 4769.0
• Años de primera construcción:
  - Solar Pequeña: Año 1
  - Solar Grande: Año 0
  - Eólica Grande: Año 0
  - Batería Litio: Año 0

================================================================================
ANÁLISIS COMPLETADO EXITOSAMENTE
================================================================================
