
================================================================================
ANÁLISIS COMPLETO DE RESULTADOS
================================================================================

RESUMEN EJECUTIVO
--------------------------------------------------
• Inversión total infraestructura: $356,060,040 USD
• Costo arriendo total: $267,300 USD
• Emisiones totales de CO2: 1,146,067,380 kgCO2
• Energía total producida: 17,857,401,191 kWh
• Presupuesto utilizado: 79.2%

INFRAESTRUCTURA CONSTRUIDA POR AÑO
--------------------------------------------------
  Año  Solar Peq  Solar Gr  Eólica Peq  Eólica Gr  Bat Litio  Bat Plomo  Bat Flujo
    0        0.0       2.0         0.0        5.0      559.0        0.0        0.0
    1        0.0       1.0         0.0        5.0      564.0        0.0        0.0
    2        0.0       0.0         0.0        0.0        0.0        0.0        0.0
    3        0.0       0.0         0.0        0.0        0.0        0.0        0.0
    4        0.0       0.0         0.0        0.0        0.0        0.0        0.0
    5        0.0       0.0         0.0        0.0        0.0        0.0        0.0
    6        0.0       0.0         0.0        0.0        0.0        0.0        0.0
    7        0.0       0.0         0.0        0.0        0.0        0.0        0.0
    8        0.0       0.0         0.0        0.0        0.0        0.0        0.0
    9        0.0       0.0         0.0        0.0        0.0        0.0        0.0
   10        0.0       1.0         0.0        1.0      989.0        0.0        0.0
   11        0.0       0.0         0.0        3.0      726.0        0.0        0.0
   12        0.0       0.0         0.0        0.0        0.0        0.0        0.0
   13        0.0       0.0         0.0        0.0        0.0        0.0        0.0
   14        0.0       0.0         0.0        0.0        0.0        0.0        0.0
   15        0.0       0.0         0.0        0.0        0.0        0.0        0.0
   16        0.0       0.0         0.0        0.0        0.0        0.0        0.0
   17        0.0       0.0         0.0        0.0        0.0        0.0        0.0
   18        0.0       0.0         0.0        0.0        0.0        0.0        0.0
   19        0.0       0.0         0.0        0.0        0.0        0.0        0.0
   20        0.0       0.0         0.0        0.0        0.0        0.0        0.0
   21        0.0       0.0         0.0        0.0        0.0        0.0        0.0
   22        0.0       0.0         0.0        0.0        0.0        0.0        0.0
   23        0.0       0.0         0.0        0.0        0.0        0.0        0.0
   24        5.0       0.0         0.0        0.0      209.0        0.0        0.0
   25        0.0       0.0         0.0        6.0        0.0        0.0        0.0
   26        0.0       0.0         0.0        5.0        0.0        0.0        0.0
   27        0.0       0.0         0.0        1.0        0.0        0.0        0.0
   28        0.0       0.0         0.0        1.0        0.0        0.0        0.0
   29        0.0       0.0         0.0        0.0        0.0        0.0        0.0
   30       48.0       0.0         0.0        0.0     1829.0        0.0        0.0
   31       29.0       0.0         0.0        5.0     1456.0        0.0        0.0
   32       12.0       0.0         0.0        2.0        0.0        0.0        0.0
   33       14.0       0.0         0.0        0.0        0.0        0.0        0.0
   34        0.0       0.0         0.0        0.0        0.0        0.0        0.0
   35        0.0       0.0         0.0        1.0        0.0        0.0        0.0
   36        0.0       0.0         0.0        2.0        0.0        0.0        0.0
   37        0.0       0.0         0.0        1.0        0.0        0.0        0.0
   38        5.0       0.0         0.0        0.0        0.0        0.0        0.0
   39       10.0       0.0         0.0        0.0        0.0        0.0        0.0
   40        5.0       1.0         0.0        0.0        0.0        0.0        0.0
   41        0.0       0.0         0.0        0.0      199.0        0.0        0.0
   42        0.0       0.0         0.0        0.0        0.0        0.0        0.0
   43        0.0       0.0         0.0        0.0        0.0        0.0        0.0
   44        0.0       0.0         0.0        0.0      209.0        0.0        0.0
   45        0.0       0.0         0.0        1.0        0.0        0.0        0.0
   46        0.0       0.0         0.0        1.0        0.0        0.0        0.0
   47        0.0       0.0         0.0        2.0        0.0        0.0        0.0
   48        0.0       0.0         0.0        1.0        0.0        0.0        0.0
   49        8.0       0.0         0.0        0.0        0.0        0.0        0.0
TOTAL      136.0       5.0         0.0       43.0     6740.0        0.0        0.0

INFRAESTRUCTURA EN OPERACIÓN POR AÑO
--------------------------------------------------
 Año  Solar Peq  Solar Gr  Eólica Peq  Eólica Gr  Bat Litio  Bat Plomo  Bat Flujo
   0        0.0       0.0         0.0        0.0        0.0        0.0        0.0
   1        0.0       3.0         0.0       10.0     1123.0        0.0        0.0
   2        0.0       3.0         0.0       10.0     1123.0        0.0        0.0
   3        0.0       3.0         0.0       10.0     1123.0        0.0        0.0
   4        0.0       3.0         0.0       10.0     1123.0        0.0        0.0
   5        0.0       3.0         0.0       10.0     1123.0        0.0        0.0
   6        0.0       3.0         0.0       10.0     1123.0        0.0        0.0
   7        0.0       3.0         0.0       10.0     1123.0        0.0        0.0
   8        0.0       3.0         0.0       10.0     1123.0        0.0        0.0
   9        0.0       3.0         0.0       10.0     1123.0        0.0        0.0
  10        0.0       4.0         0.0       11.0     2112.0        0.0        0.0
  11        0.0       4.0         0.0       14.0     2838.0        0.0        0.0
  12        0.0       4.0         0.0       14.0     2838.0        0.0        0.0
  13        0.0       4.0         0.0       14.0     2838.0        0.0        0.0
  14        0.0       4.0         0.0       14.0     2838.0        0.0        0.0
  15        0.0       4.0         0.0       14.0     2838.0        0.0        0.0
  16        0.0       4.0         0.0       14.0     2838.0        0.0        0.0
  17        0.0       4.0         0.0       14.0     2838.0        0.0        0.0
  18        0.0       4.0         0.0       14.0     2838.0        0.0        0.0
  19        0.0       4.0         0.0       14.0     2838.0        0.0        0.0
  20        0.0       4.0         0.0       14.0     2279.0        0.0        0.0
  21        0.0       4.0         0.0       14.0     1715.0        0.0        0.0
  22        0.0       4.0         0.0       14.0     1715.0        0.0        0.0
  23        0.0       4.0         0.0       14.0     1715.0        0.0        0.0
  24        5.0       4.0         0.0       14.0     1924.0        0.0        0.0
  25        5.0       4.0         0.0       15.0     1924.0        0.0        0.0
  26        5.0       4.0         0.0       15.0     1924.0        0.0        0.0
  27        5.0       4.0         0.0       16.0     1924.0        0.0        0.0
  28        5.0       4.0         0.0       17.0     1924.0        0.0        0.0
  29        5.0       4.0         0.0       17.0     1924.0        0.0        0.0
  30       53.0       2.0         0.0       17.0     2764.0        0.0        0.0
  31       82.0       1.0         0.0       22.0     3494.0        0.0        0.0
  32       94.0       1.0         0.0       24.0     3494.0        0.0        0.0
  33      108.0       1.0         0.0       24.0     3494.0        0.0        0.0
  34      108.0       1.0         0.0       24.0     3494.0        0.0        0.0
  35      108.0       1.0         0.0       24.0     3494.0        0.0        0.0
  36      108.0       1.0         0.0       23.0     3494.0        0.0        0.0
  37      108.0       1.0         0.0       24.0     3494.0        0.0        0.0
  38      113.0       1.0         0.0       24.0     3494.0        0.0        0.0
  39      123.0       1.0         0.0       24.0     3494.0        0.0        0.0
  40      128.0       1.0         0.0       24.0     3494.0        0.0        0.0
  41      128.0       1.0         0.0       24.0     3693.0        0.0        0.0
  42      128.0       1.0         0.0       24.0     3693.0        0.0        0.0
  43      128.0       1.0         0.0       24.0     3693.0        0.0        0.0
  44      128.0       1.0         0.0       24.0     3693.0        0.0        0.0
  45      128.0       1.0         0.0       25.0     3693.0        0.0        0.0
  46      128.0       1.0         0.0       26.0     3693.0        0.0        0.0
  47      128.0       1.0         0.0       28.0     3693.0        0.0        0.0
  48      128.0       1.0         0.0       29.0     3693.0        0.0        0.0
  49      136.0       1.0         0.0       29.0     3693.0        0.0        0.0

 PRODUCCIÓN DE ENERGÍA VS DEMANDA
--------------------------------------------------
 Año Producción (kWh) Demanda (kWh) Cumplimiento
   0                0   158,314,691         0.0%
   1      218,856,000   163,064,132       134.2%
   2      218,856,000   167,956,056       130.3%
   3      218,856,000   172,994,737       126.5%
   4      218,856,000   178,184,579       122.8%
   5      218,856,000   183,530,117       119.2%
   6      218,856,000   189,036,020       115.8%
   7      218,856,000   194,707,101       112.4%
   8      218,856,000   200,548,314       109.1%
   9      218,856,000   206,564,763       106.0%
  10      272,170,000   212,761,706       127.9%
  11      319,670,000   219,144,558       145.9%
  12      319,670,000   225,718,894       141.6%
  13      319,670,000   232,490,461       137.5%
  14      319,670,000   239,465,175       133.5%
  15      319,670,000   246,649,130       129.6%
  16      319,670,000   254,048,604       125.8%
  17      319,670,000   261,670,062       122.2%
  18      319,670,000   269,520,164       118.6%
  19      319,670,000   277,605,769       115.2%
  20      319,670,000   285,933,942       111.8%
  21      319,670,000   294,511,960       108.5%
  22      319,670,000   303,347,319       105.4%
  23      319,670,000   312,447,739       102.3%
  24      326,305,000   321,821,171       101.4%
  25      339,805,000   331,475,806       102.5%
  26      343,305,000   341,420,080       100.6%
  27      356,805,000   351,662,683       101.5%
  28      373,805,000   362,212,563       103.2%
  29      373,805,000   373,078,940       100.2%
  30      384,416,000   384,271,308       100.0%
  31      494,628,000   395,799,447       125.0%
  32      544,552,000   407,673,431       133.6%
  33      563,130,000   419,903,634       134.1%
  34      563,130,000   432,500,743       130.2%
  35      566,630,000   445,475,765       127.2%
  36      553,130,000   458,840,038       120.5%
  37      570,130,000   472,605,239       120.6%
  38      576,765,000   486,783,396       118.5%
  39      590,035,000   501,386,898       117.7%
  40      596,670,000   516,428,505       115.5%
  41      596,670,000   531,921,360       112.2%
  42      596,670,000   547,879,001       108.9%
  43      596,670,000   564,315,371       105.7%
  44      596,670,000   581,244,832       102.7%
  45      610,170,000   598,682,177       101.9%
  46      623,670,000   616,642,642       101.1%
  47      650,670,000   635,141,922       102.4%
  48      664,170,000   654,196,179       101.5%
  49      674,786,000   673,822,065       100.1%

USO DE TERRENOS
--------------------------------------------------
 Año Terreno 0 - Uso Terreno 0 - Arrendado Terreno 1 - Uso Terreno 1 - Arrendado
   0            5 u.                    Sí          561 u.                    Sí
   1        1,137 u.                    Sí          569 u.                    Sí
   2          571 u.                    Sí          565 u.                    Sí
   3          571 u.                    Sí          565 u.                    Sí
   4          571 u.                    Sí          565 u.                    Sí
   5          571 u.                    Sí          565 u.                    Sí
   6          571 u.                    Sí          565 u.                    Sí
   7          571 u.                    Sí          565 u.                    Sí
   8          571 u.                    Sí          565 u.                    Sí
   9          571 u.                    Sí          565 u.                    Sí
  10          571 u.                    Sí        2,547 u.                    Sí
  11        2,027 u.                    Sí        1,558 u.                    Sí
  12        1,299 u.                    Sí        1,557 u.                    Sí
  13        1,299 u.                    Sí        1,557 u.                    Sí
  14        1,299 u.                    Sí        1,557 u.                    Sí
  15        1,299 u.                    Sí        1,557 u.                    Sí
  16        1,299 u.                    Sí        1,557 u.                    Sí
  17        1,299 u.                    Sí        1,557 u.                    Sí
  18        1,299 u.                    Sí        1,557 u.                    Sí
  19        1,299 u.                    Sí        1,557 u.                    Sí
  20        1,299 u.                    Sí          998 u.                    Sí
  21          735 u.                    Sí          998 u.                    Sí
  22          735 u.                    Sí          998 u.                    Sí
  23          735 u.                    Sí          998 u.                    Sí
  24        1,163 u.                    Sí          998 u.                    Sí
  25          953 u.                    Sí        1,001 u.                    Sí
  26          952 u.                    Sí        1,001 u.                    Sí
  27          950 u.                    Sí        1,000 u.                    Sí
  28          952 u.                    Sí          999 u.                    Sí
  29          951 u.                    Sí          999 u.                    Sí
  30        1,276 u.                    Sí        3,437 u.                    Sí
  31        3,308 u.                    Sí        1,781 u.                    Sí
  32        1,851 u.                    Sí        1,776 u.                    Sí
  33        1,877 u.                    Sí        1,764 u.                    Sí
  34        1,863 u.                    Sí        1,764 u.                    Sí
  35        1,865 u.                    Sí        1,763 u.                    Sí
  36        1,866 u.                    Sí        1,762 u.                    Sí
  37        1,866 u.                    Sí        1,762 u.                    Sí
  38        1,875 u.                    Sí        1,762 u.                    Sí
  39        1,890 u.                    Sí        1,762 u.                    Sí
  40        1,890 u.                    Sí        1,763 u.                    Sí
  41        1,885 u.                    Sí        2,160 u.                    Sí
  42        1,885 u.                    Sí        1,961 u.                    Sí
  43        1,885 u.                    Sí        1,961 u.                    Sí
  44        2,094 u.                    Sí        1,961 u.                    Sí
  45        1,885 u.                    Sí        1,963 u.                    Sí
  46        1,885 u.                    Sí        1,964 u.                    Sí
  47        1,885 u.                    Sí        1,967 u.                    Sí
  48        1,885 u.                    Sí        1,967 u.                    Sí
  49        1,885 u.                    Sí        1,982 u.                    Sí

ALMACENAMIENTO EN BATERÍAS (Día 1 de cada año)
--------------------------------------------------
 Año Capacidad Total Energía Almacenada Porcentaje Uso
   0           0 kWh              0 kWh           0.0%
   1     258,290 kWh        242,859 kWh          94.0%
   2     258,290 kWh        242,859 kWh          94.0%
   3     258,290 kWh        242,859 kWh          94.0%
   4     258,290 kWh        242,859 kWh          94.0%
   5     258,290 kWh        242,859 kWh          94.0%
   6     258,290 kWh        242,859 kWh          94.0%
   7     258,290 kWh        242,859 kWh          94.0%
   8     258,290 kWh        242,859 kWh          94.0%
   9     258,290 kWh        242,859 kWh          94.0%
  10     485,760 kWh        231,741 kWh          47.7%
  11     652,740 kWh        193,562 kWh          29.7%
  12     652,740 kWh        193,562 kWh          29.7%
  13     652,740 kWh        193,562 kWh          29.7%
  14     652,740 kWh        193,562 kWh          29.7%
  15     652,740 kWh        193,562 kWh          29.7%
  16     652,740 kWh        193,562 kWh          29.7%
  17     652,740 kWh        193,562 kWh          29.7%
  18     652,740 kWh        193,562 kWh          29.7%
  19     652,740 kWh        193,562 kWh          29.7%
  20     524,170 kWh        524,170 kWh         100.0%
  21     394,450 kWh        394,450 kWh         100.0%
  22     394,450 kWh        394,450 kWh         100.0%
  23     394,450 kWh        394,450 kWh         100.0%
  24     442,520 kWh        442,520 kWh         100.0%
  25     442,520 kWh        442,520 kWh         100.0%
  26     442,520 kWh        442,520 kWh         100.0%
  27     442,520 kWh        442,520 kWh         100.0%
  28     442,520 kWh         88,504 kWh          20.0%
  29     442,520 kWh         88,504 kWh          20.0%
  30     635,720 kWh        635,720 kWh         100.0%
  31     803,620 kWh        803,620 kWh         100.0%
  32     803,620 kWh        160,724 kWh          20.0%
  33     803,620 kWh        160,724 kWh          20.0%
  34     803,620 kWh        160,724 kWh          20.0%
  35     803,620 kWh        160,724 kWh          20.0%
  36     803,620 kWh        160,724 kWh          20.0%
  37     803,620 kWh        160,724 kWh          20.0%
  38     803,620 kWh        160,724 kWh          20.0%
  39     803,620 kWh        160,724 kWh          20.0%
  40     803,620 kWh        160,724 kWh          20.0%
  41     849,390 kWh        169,878 kWh          20.0%
  42     849,390 kWh        169,878 kWh          20.0%
  43     849,390 kWh        169,878 kWh          20.0%
  44     849,390 kWh        169,878 kWh          20.0%
  45     849,390 kWh        169,878 kWh          20.0%
  46     849,390 kWh        169,878 kWh          20.0%
  47     849,390 kWh        169,878 kWh          20.0%
  48     849,390 kWh        169,878 kWh          20.0%
  49     849,390 kWh        169,878 kWh          20.0%

DIVERSIFICACIÓN ENERGÉTICA (Año 10)
--------------------------------------------------
• Producción Solar: 106,170,000 kWh (39.0%)
• Producción Eólica: 166,000,000 kWh (61.0%)

INVERSIÓN POR TIPO DE TECNOLOGÍA
--------------------------------------------------
• Solar Peq: $12,797,600 (3.6%)
• Solar Gr: $11,565,000 (3.2%)
• Eólica Peq: $0 (0.0%)
• Eólica Gr: $321,210,000 (90.2%)
• Bat Litio: $10,487,440 (2.9%)
• Bat Plomo: $0 (0.0%)
• Bat Flujo: $0 (0.0%)

VERIFICACIÓN DE FACTIBILIDAD
--------------------------------------------------
• Presupuesto: $356,327,340 / $450,000,000
• Año 3: Producción 218,856,000 ≥ Demanda 172,994,737
• Año 10: Producción 272,170,000 ≥ Demanda 212,761,706
• Año 15: Producción 319,670,000 ≥ Demanda 246,649,130
• Terreno 0, Año 0: 207,700/500,000 u²
• Terreno 0, Año 10: 339,819/500,000 u²
• Terreno 0, Año 15: 390,537/500,000 u²
• Terreno 1, Año 0: 132,118/500,000 u²
• Terreno 1, Año 10: 497,611/500,000 u²
• Terreno 1, Año 15: 390,614/500,000 u²

RECOMENDACIONES ESTRATÉGICAS
--------------------------------------------------
• Tecnología más construída: Batería Litio
• Total unidades: 6740.0
• Años de primera construcción:
  - Solar Pequeña: Año 24
  - Solar Grande: Año 0
  - Eólica Grande: Año 0
  - Batería Litio: Año 0

================================================================================
ANÁLISIS COMPLETADO EXITOSAMENTE
================================================================================
