
================================================================================
ANÁLISIS COMPLETO DE RESULTADOS
================================================================================

RESUMEN EJECUTIVO
--------------------------------------------------
• Inversión total infraestructura: $367,449,864 USD
• Costo arriendo total: $267,300 USD
• Emisiones totales de CO2: 1,450,522,120 kgCO2
• Energía total producida: 20,738,893,669 kWh
• Presupuesto utilizado: 81.7%

INFRAESTRUCTURA CONSTRUIDA POR AÑO
--------------------------------------------------
  Año  Solar Peq  Solar Gr  Eólica Peq  Eólica Gr  Bat Litio  Bat Plomo  Bat Flujo
    0        0.0       3.0         0.0        6.0      559.0        0.0        0.0
    1        0.0       0.0         0.0        4.0      564.0        0.0        0.0
    2        0.0       0.0         0.0        0.0        0.0        0.0        0.0
    3        0.0       0.0         0.0        0.0        0.0        0.0        0.0
    4        0.0       0.0         0.0        0.0        0.0        0.0        0.0
    5        0.0       0.0         0.0        0.0        0.0        0.0        0.0
    6        0.0       0.0         0.0        0.0        0.0        0.0        0.0
    7        0.0       0.0         0.0        0.0        0.0        0.0        0.0
    8        0.0       0.0         0.0        0.0        0.0        0.0        0.0
    9        0.0       0.0         0.0        0.0        0.0        0.0        0.0
   10        0.0       1.0         0.0        0.0      395.0        0.0        0.0
   11        0.0       0.0         0.0        1.0      876.0        0.0        0.0
   12        0.0       0.0         0.0        0.0        0.0        0.0        0.0
   13        0.0       0.0         0.0        0.0        0.0        0.0        0.0
   14        0.0       0.0         0.0        0.0        0.0        0.0        0.0
   15        0.0       0.0         0.0        0.0        0.0        0.0        0.0
   16        0.0       0.0         0.0        3.0        0.0        0.0        0.0
   17        0.0       0.0         0.0        0.0        1.0        0.0        0.0
   18        0.0       0.0         0.0        0.0      902.0        0.0        0.0
   19        0.0       0.0         0.0        1.0        0.0        0.0        0.0
   20        6.0       0.0         0.0        0.0        0.0        0.0        0.0
   21        0.0       0.0         0.0        1.0        0.0        0.0        0.0
   22        0.0       0.0         0.0        0.0        0.0        0.0        0.0
   23        8.0       0.0         0.0        0.0       75.0        0.0        0.0
   24        2.0       0.0         0.0        0.0        0.0        0.0        0.0
   25        0.0       0.0         0.0        6.0        0.0        0.0        0.0
   26        0.0       0.0         0.0        5.0        0.0        0.0        0.0
   27        8.0       0.0         0.0        1.0        0.0        0.0        0.0
   28        0.0       0.0         0.0        0.0        0.0        0.0        0.0
   29        0.0       0.0         0.0        1.0        0.0        0.0        0.0
   30       72.0       0.0         0.0        0.0      746.0        0.0        0.0
   31       11.0       0.0         0.0        0.0     1641.0        0.0        0.0
   32        0.0       0.0         0.0        4.0     1322.0        0.0        0.0
   33        0.0       0.0         0.0        0.0        0.0        0.0        0.0
   34        0.0       0.0         0.0        0.0        0.0        0.0        0.0
   35        0.0       0.0         0.0        0.0        0.0        0.0        0.0
   36       51.0       0.0         0.0        0.0        0.0        0.0        0.0
   37        0.0       0.0         0.0        0.0        0.0        0.0        0.0
   38        0.0       0.0         0.0        0.0        1.0        0.0        0.0
   39        0.0       0.0         0.0        2.0      891.0        0.0        0.0
   40       79.0       0.0         0.0        0.0        0.0        0.0        0.0
   41        0.0       0.0         0.0        2.0        0.0        0.0        0.0
   42        0.0       0.0         0.0        2.0        0.0        0.0        0.0
   43        1.0       0.0         0.0        1.0        0.0        0.0        0.0
   44       39.0       0.0         0.0        1.0        0.0        0.0        0.0
   45       19.0       0.0         0.0        0.0      275.0        0.0        0.0
   46       10.0       0.0         0.0        0.0      170.0        0.0        0.0
   47        5.0       0.0         0.0        1.0       47.0        0.0        0.0
   48       12.0       0.0         0.0        0.0       10.0        0.0        0.0
   49        9.0       0.0         0.0        0.0       19.0        0.0        0.0
TOTAL      332.0       4.0         0.0       42.0     8494.0        0.0        0.0

INFRAESTRUCTURA EN OPERACIÓN POR AÑO
--------------------------------------------------
 Año  Solar Peq  Solar Gr  Eólica Peq  Eólica Gr  Bat Litio  Bat Plomo  Bat Flujo
   0        0.0       0.0         0.0        0.0        0.0        0.0        0.0
   1        0.0       3.0         0.0       10.0     1123.0        0.0        0.0
   2        0.0       3.0         0.0       10.0     1123.0        0.0        0.0
   3        0.0       3.0         0.0       10.0     1123.0        0.0        0.0
   4        0.0       3.0         0.0       10.0     1123.0        0.0        0.0
   5        0.0       3.0         0.0       10.0     1123.0        0.0        0.0
   6        0.0       3.0         0.0       10.0     1123.0        0.0        0.0
   7        0.0       3.0         0.0       10.0     1123.0        0.0        0.0
   8        0.0       3.0         0.0       10.0     1123.0        0.0        0.0
   9        0.0       3.0         0.0       10.0     1123.0        0.0        0.0
  10        0.0       4.0         0.0       10.0     1518.0        0.0        0.0
  11        0.0       4.0         0.0       11.0     2394.0        0.0        0.0
  12        0.0       4.0         0.0       11.0     2394.0        0.0        0.0
  13        0.0       4.0         0.0       11.0     2394.0        0.0        0.0
  14        0.0       4.0         0.0       11.0     2394.0        0.0        0.0
  15        0.0       4.0         0.0       11.0     2394.0        0.0        0.0
  16        0.0       4.0         0.0       14.0     2394.0        0.0        0.0
  17        0.0       4.0         0.0       14.0     2395.0        0.0        0.0
  18        0.0       4.0         0.0       14.0     3297.0        0.0        0.0
  19        0.0       4.0         0.0       15.0     3297.0        0.0        0.0
  20        6.0       4.0         0.0       15.0     2738.0        0.0        0.0
  21        6.0       4.0         0.0       16.0     2174.0        0.0        0.0
  22        6.0       4.0         0.0       16.0     2174.0        0.0        0.0
  23       14.0       4.0         0.0       16.0     2249.0        0.0        0.0
  24       16.0       4.0         0.0       16.0     2249.0        0.0        0.0
  25       16.0       4.0         0.0       16.0     2249.0        0.0        0.0
  26       16.0       4.0         0.0       17.0     2249.0        0.0        0.0
  27       24.0       4.0         0.0       18.0     2249.0        0.0        0.0
  28       24.0       4.0         0.0       18.0     2249.0        0.0        0.0
  29       24.0       4.0         0.0       19.0     2249.0        0.0        0.0
  30       96.0       1.0         0.0       19.0     2600.0        0.0        0.0
  31      107.0       1.0         0.0       19.0     3365.0        0.0        0.0
  32      107.0       1.0         0.0       23.0     4687.0        0.0        0.0
  33      107.0       1.0         0.0       23.0     4687.0        0.0        0.0
  34      107.0       1.0         0.0       23.0     4687.0        0.0        0.0
  35      107.0       1.0         0.0       23.0     4687.0        0.0        0.0
  36      158.0       1.0         0.0       22.0     4687.0        0.0        0.0
  37      158.0       1.0         0.0       22.0     4686.0        0.0        0.0
  38      158.0       1.0         0.0       22.0     3785.0        0.0        0.0
  39      158.0       1.0         0.0       24.0     4676.0        0.0        0.0
  40      237.0       0.0         0.0       24.0     4676.0        0.0        0.0
  41      237.0       0.0         0.0       23.0     4676.0        0.0        0.0
  42      237.0       0.0         0.0       25.0     4676.0        0.0        0.0
  43      238.0       0.0         0.0       26.0     4601.0        0.0        0.0
  44      277.0       0.0         0.0       26.0     4601.0        0.0        0.0
  45      296.0       0.0         0.0       26.0     4876.0        0.0        0.0
  46      306.0       0.0         0.0       25.0     5046.0        0.0        0.0
  47      311.0       0.0         0.0       26.0     5093.0        0.0        0.0
  48      323.0       0.0         0.0       26.0     5103.0        0.0        0.0
  49      332.0       0.0         0.0       26.0     5122.0        0.0        0.0

 PRODUCCIÓN DE ENERGÍA VS DEMANDA
--------------------------------------------------
 Año Producción (kWh) Demanda (kWh) Cumplimiento
   0                0   158,314,691         0.0%
   1      218,856,000   163,855,705       133.6%
   2      218,856,000   169,590,655       129.0%
   3      218,856,000   175,526,328       124.7%
   4      218,856,000   181,669,749       120.5%
   5      218,856,000   188,028,190       116.4%
   6      218,856,000   194,609,177       112.5%
   7      218,856,000   201,420,498       108.7%
   8      218,856,000   208,470,216       105.0%
   9      218,856,000   215,766,673       101.4%
  10      258,670,000   223,318,507       115.8%
  11      272,170,000   231,134,655       117.8%
  12      272,170,000   239,224,368       113.8%
  13      272,170,000   247,597,220       109.9%
  14      272,170,000   256,263,123       106.2%
  15      272,170,000   265,232,332       102.6%
  16      323,170,000   274,515,464       117.7%
  17      323,170,000   284,123,505       113.7%
  18      323,170,000   294,067,828       109.9%
  19      340,170,000   304,360,202       111.8%
  20      348,132,000   315,012,809       110.5%
  21      365,132,000   326,038,257       112.0%
  22      365,132,000   337,449,596       108.2%
  23      375,748,000   349,260,332       107.6%
  24      378,402,000   361,484,444       104.7%
  25      374,902,000   374,136,399       100.2%
  26      388,402,000   387,231,173       100.3%
  27      416,018,000   400,784,264       103.8%
  28      416,018,000   414,811,714       100.3%
  29      429,518,000   429,330,124       100.0%
  30      458,706,000   444,356,678       103.2%
  31      473,303,000   459,909,162       102.9%
  32      541,303,000   476,005,982       113.7%
  33      541,303,000   492,666,192       109.9%
  34      541,303,000   509,909,509       106.2%
  35      541,303,000   527,756,341       102.6%
  36      595,480,000   546,227,813       109.0%
  37      595,480,000   565,345,787       105.3%
  38      595,480,000   585,132,889       101.8%
  39      629,480,000   605,612,540       103.9%
  40      694,499,000   626,808,979       110.8%
  41      677,499,000   648,747,294       104.4%
  42      711,499,000   671,453,449       106.0%
  43      729,826,000   694,954,320       105.0%
  44      781,579,000   719,277,721       108.7%
  45      806,792,000   744,452,441       108.4%
  46      803,062,000   770,508,276       104.2%
  47      826,697,000   797,476,066       103.7%
  48      842,621,000   825,387,728       102.1%
  49      854,564,000   854,276,299       100.0%

USO DE TERRENOS
--------------------------------------------------
 Año Terreno 0 - Uso Terreno 0 - Arrendado Terreno 1 - Uso Terreno 1 - Arrendado
   0            5 u.                    Sí          563 u.                    Sí
   1        1,137 u.                    Sí          567 u.                    Sí
   2          571 u.                    Sí          565 u.                    Sí
   3          571 u.                    Sí          565 u.                    Sí
   4          571 u.                    Sí          565 u.                    Sí
   5          571 u.                    Sí          565 u.                    Sí
   6          571 u.                    Sí          565 u.                    Sí
   7          571 u.                    Sí          565 u.                    Sí
   8          571 u.                    Sí          565 u.                    Sí
   9          571 u.                    Sí          565 u.                    Sí
  10          887 u.                    Sí        1,041 u.                    Sí
  11        2,351 u.                    Sí          935 u.                    Sí
  12        1,540 u.                    Sí          869 u.                    Sí
  13        1,540 u.                    Sí          869 u.                    Sí
  14        1,540 u.                    Sí          869 u.                    Sí
  15        1,540 u.                    Sí          869 u.                    Sí
  16        1,546 u.                    Sí          869 u.                    Sí
  17        1,543 u.                    Sí          871 u.                    Sí
  18        1,543 u.                    Sí        2,674 u.                    Sí
  19        1,545 u.                    Sí        1,772 u.                    Sí
  20        1,544 u.                    Sí        1,225 u.                    Sí
  21          982 u.                    Sí        1,219 u.                    Sí
  22          981 u.                    Sí        1,219 u.                    Sí
  23        1,147 u.                    Sí        1,219 u.                    Sí
  24        1,064 u.                    Sí        1,223 u.                    Sí
  25        1,065 u.                    Sí        1,226 u.                    Sí
  26        1,065 u.                    Sí        1,226 u.                    Sí
  27        1,065 u.                    Sí        1,239 u.                    Sí
  28        1,064 u.                    Sí        1,231 u.                    Sí
  29        1,064 u.                    Sí        1,233 u.                    Sí
  30          904 u.                    Sí        2,630 u.                    Sí
  31        3,393 u.                    Sí        1,751 u.                    Sí
  32        1,751 u.                    Sí        4,393 u.                    Sí
  33        1,747 u.                    Sí        3,071 u.                    Sí
  34        1,747 u.                    Sí        3,071 u.                    Sí
  35        1,747 u.                    Sí        3,071 u.                    Sí
  36        1,747 u.                    Sí        3,172 u.                    Sí
  37        1,747 u.                    Sí        3,120 u.                    Sí
  38        1,747 u.                    Sí        2,220 u.                    Sí
  39        1,751 u.                    Sí        4,001 u.                    Sí
  40        1,749 u.                    Sí        3,267 u.                    Sí
  41        1,750 u.                    Sí        3,188 u.                    Sí
  42        1,752 u.                    Sí        3,188 u.                    Sí
  43        1,677 u.                    Sí        3,190 u.                    Sí
  44        1,677 u.                    Sí        3,267 u.                    Sí
  45        1,676 u.                    Sí        3,816 u.                    Sí
  46        2,015 u.                    Sí        3,542 u.                    Sí
  47        1,847 u.                    Sí        3,636 u.                    Sí
  48        1,868 u.                    Sí        3,606 u.                    Sí
  49        1,871 u.                    Sí        3,637 u.                    Sí

ALMACENAMIENTO EN BATERÍAS (Día 1 de cada año)
--------------------------------------------------
 Año Capacidad Total Energía Almacenada Porcentaje Uso
   0           0 kWh              0 kWh           0.0%
   1     258,290 kWh        242,859 kWh          94.0%
   2     258,290 kWh        242,859 kWh          94.0%
   3     258,290 kWh        242,859 kWh          94.0%
   4     258,290 kWh        242,859 kWh          94.0%
   5     258,290 kWh        242,859 kWh          94.0%
   6     258,290 kWh        242,859 kWh          94.0%
   7     258,290 kWh        242,859 kWh          94.0%
   8     258,290 kWh        242,859 kWh          94.0%
   9     258,290 kWh        242,859 kWh          94.0%
  10     349,140 kWh        349,140 kWh         100.0%
  11     550,620 kWh        244,713 kWh          44.4%
  12     550,620 kWh        244,713 kWh          44.4%
  13     550,620 kWh        244,713 kWh          44.4%
  14     550,620 kWh        244,713 kWh          44.4%
  15     550,620 kWh        244,713 kWh          44.4%
  16     550,620 kWh        550,620 kWh         100.0%
  17     550,850 kWh        550,850 kWh         100.0%
  18     758,310 kWh        209,402 kWh          27.6%
  19     758,310 kWh        183,786 kWh          24.2%
  20     629,740 kWh        629,740 kWh         100.0%
  21     500,020 kWh        500,020 kWh         100.0%
  22     500,020 kWh        500,020 kWh         100.0%
  23     517,270 kWh        517,270 kWh         100.0%
  24     517,270 kWh        517,270 kWh         100.0%
  25     517,270 kWh        517,270 kWh         100.0%
  26     517,270 kWh        517,270 kWh         100.0%
  27     517,270 kWh        103,454 kWh          20.0%
  28     517,270 kWh        103,454 kWh          20.0%
  29     517,270 kWh        103,454 kWh          20.0%
  30     598,000 kWh        119,600 kWh          20.0%
  31     773,950 kWh        773,950 kWh         100.0%
  32   1,078,010 kWh      1,078,010 kWh         100.0%
  33   1,078,010 kWh      1,078,010 kWh         100.0%
  34   1,078,010 kWh      1,078,010 kWh         100.0%
  35   1,078,010 kWh      1,078,010 kWh         100.0%
  36   1,078,010 kWh      1,078,010 kWh         100.0%
  37   1,077,780 kWh      1,077,780 kWh         100.0%
  38     870,550 kWh        174,110 kWh          20.0%
  39   1,075,480 kWh        215,096 kWh          20.0%
  40   1,075,480 kWh        215,096 kWh          20.0%
  41   1,075,480 kWh        215,096 kWh          20.0%
  42   1,075,480 kWh        215,096 kWh          20.0%
  43   1,058,230 kWh        211,646 kWh          20.0%
  44   1,058,230 kWh        211,646 kWh          20.0%
  45   1,121,480 kWh        224,296 kWh          20.0%
  46   1,160,580 kWh        232,116 kWh          20.0%
  47   1,171,390 kWh        234,278 kWh          20.0%
  48   1,173,690 kWh        234,738 kWh          20.0%
  49   1,178,060 kWh        235,612 kWh          20.0%

DIVERSIFICACIÓN ENERGÉTICA (Año 10)
--------------------------------------------------
• Producción Solar: 106,170,000 kWh (41.0%)
• Producción Eólica: 152,500,000 kWh (59.0%)

INVERSIÓN POR TIPO DE TECNOLOGÍA
--------------------------------------------------
• Solar Peq: $31,241,200 (8.5%)
• Solar Gr: $9,252,000 (2.5%)
• Eólica Peq: $0 (0.0%)
• Eólica Gr: $313,740,000 (85.4%)
• Bat Litio: $13,216,664 (3.6%)
• Bat Plomo: $0 (0.0%)
• Bat Flujo: $0 (0.0%)

VERIFICACIÓN DE FACTIBILIDAD
--------------------------------------------------
• Presupuesto: $367,717,164 / $450,000,000
• Año 3: Producción 218,856,000 ≥ Demanda 175,526,328
• Año 10: Producción 258,670,000 ≥ Demanda 223,318,507
• Año 15: Producción 272,170,000 ≥ Demanda 265,232,332
• Terreno 0, Año 0: 289,150/500,000 u²
• Terreno 0, Año 10: 339,914/500,000 u²
• Terreno 0, Año 15: 340,110/500,000 u²
• Terreno 1, Año 0: 182,618/500,000 u²
• Terreno 1, Año 10: 446,660/500,000 u²
• Terreno 1, Año 15: 365,158/500,000 u²

RECOMENDACIONES ESTRATÉGICAS
--------------------------------------------------
• Tecnología más construída: Batería Litio
• Total unidades: 8494.0
• Años de primera construcción:
  - Solar Pequeña: Año 20
  - Solar Grande: Año 0
  - Eólica Grande: Año 0
  - Batería Litio: Año 0

================================================================================
ANÁLISIS COMPLETADO EXITOSAMENTE
================================================================================
