
================================================================================
ANÁLISIS COMPLETO DE RESULTADOS
================================================================================

RESUMEN EJECUTIVO
--------------------------------------------------
• Inversión total infraestructura: $376,688,360 USD
• Costo arriendo total: $267,300 USD
• Emisiones totales de CO2: 1,370,777,080 kgCO2
• Energía total producida: 20,061,326,430 kWh
• Presupuesto utilizado: 76.2%

INFRAESTRUCTURA CONSTRUIDA POR AÑO
--------------------------------------------------
  Año  Solar Peq  Solar Gr  Eólica Peq  Eólica Gr  Bat Litio  Bat Plomo  Bat Flujo
    0        0.0       3.0         0.0        6.0        0.0        0.0        0.0
    1        0.0       0.0         0.0        4.0     1123.0        0.0        0.0
    2        0.0       0.0         0.0        0.0        0.0        0.0        0.0
    3        0.0       0.0         0.0        0.0        0.0        0.0        0.0
    4        0.0       0.0         0.0        0.0        0.0        0.0        0.0
    5        0.0       0.0         0.0        0.0        0.0        0.0        0.0
    6        0.0       0.0         0.0        0.0        0.0        0.0        0.0
    7        0.0       0.0         0.0        0.0        0.0        0.0        0.0
    8        0.0       0.0         0.0        0.0        0.0        0.0        0.0
    9        0.0       0.0         0.0        0.0        0.0        0.0        0.0
   10        0.0       1.0         0.0        3.0      561.0        0.0        0.0
   11        0.0       0.0         0.0        1.0        2.0        0.0        0.0
   12        0.0       0.0         0.0        1.0       63.0        0.0        0.0
   13        0.0       0.0         0.0        0.0        1.0        0.0        0.0
   14        0.0       0.0         0.0        0.0        0.0        0.0        0.0
   15        0.0       0.0         0.0        0.0      715.0        0.0        0.0
   16        0.0       0.0         0.0        0.0        0.0        0.0        0.0
   17        0.0       0.0         0.0        0.0      758.0        0.0        0.0
   18        0.0       0.0         0.0        0.0        0.0        0.0        0.0
   19        0.0       0.0         0.0        0.0        0.0        0.0        0.0
   20        0.0       0.0         0.0        0.0        0.0        0.0        0.0
   21        0.0       0.0         0.0        0.0        0.0        0.0        0.0
   22        2.0       0.0         0.0        1.0        0.0        0.0        0.0
   23        6.0       0.0         0.0        0.0        0.0        0.0        0.0
   24        3.0       0.0         0.0        0.0        0.0        0.0        0.0
   25        0.0       0.0         0.0        6.0        0.0        0.0        0.0
   26        0.0       0.0         0.0        5.0        0.0        0.0        0.0
   27        0.0       0.0         0.0        1.0        0.0        0.0        0.0
   28        4.0       0.0         0.0        0.0       64.0        0.0        0.0
   29        0.0       0.0         0.0        1.0        0.0        0.0        0.0
   30       60.0       0.0         0.0        0.0      736.0        0.0        0.0
   31       53.0       0.0         0.0        4.0      838.0        0.0        0.0
   32        0.0       0.0         0.0        2.0      983.0        0.0        0.0
   33        0.0       0.0         0.0        1.0        0.0        0.0        0.0
   34        0.0       0.0         0.0        1.0        0.0        0.0        0.0
   35        0.0       0.0         0.0        2.0     1229.0        0.0        0.0
   36        0.0       0.0         0.0        0.0        0.0        0.0        0.0
   37        0.0       0.0         0.0        0.0        0.0        0.0        0.0
   38        0.0       0.0         0.0        0.0        0.0        0.0        0.0
   39       14.0       0.0         0.0        0.0        0.0        0.0        0.0
   40       72.0       0.0         0.0        0.0        0.0        0.0        0.0
   41        0.0       0.0         0.0        0.0      630.0        0.0        0.0
   42        0.0       0.0         0.0        0.0        0.0        0.0        0.0
   43        1.0       0.0         0.0        1.0       81.0        0.0        0.0
   44        0.0       0.0         0.0        2.0        0.0        0.0        0.0
   45        0.0       0.0         0.0        1.0       81.0        0.0        0.0
   46       18.0       0.0         0.0        0.0      170.0        0.0        0.0
   47       16.0       0.0         0.0        1.0        0.0        0.0        0.0
   48       19.0       0.0         0.0        0.0        0.0        0.0        0.0
   49       11.0       0.0         0.0        0.0        0.0        0.0        0.0
TOTAL      279.0       4.0         0.0       44.0     8035.0        0.0        0.0

INFRAESTRUCTURA EN OPERACIÓN POR AÑO
--------------------------------------------------
 Año  Solar Peq  Solar Gr  Eólica Peq  Eólica Gr  Bat Litio  Bat Plomo  Bat Flujo
   0        0.0       0.0         0.0        0.0        0.0        0.0        0.0
   1        0.0       3.0         0.0       10.0     1123.0        0.0        0.0
   2        0.0       3.0         0.0       10.0     1123.0        0.0        0.0
   3        0.0       3.0         0.0       10.0     1123.0        0.0        0.0
   4        0.0       3.0         0.0       10.0     1123.0        0.0        0.0
   5        0.0       3.0         0.0       10.0     1123.0        0.0        0.0
   6        0.0       3.0         0.0       10.0     1123.0        0.0        0.0
   7        0.0       3.0         0.0       10.0     1123.0        0.0        0.0
   8        0.0       3.0         0.0       10.0     1123.0        0.0        0.0
   9        0.0       3.0         0.0       10.0     1123.0        0.0        0.0
  10        0.0       4.0         0.0       13.0     1684.0        0.0        0.0
  11        0.0       4.0         0.0       14.0     1686.0        0.0        0.0
  12        0.0       4.0         0.0       15.0     1749.0        0.0        0.0
  13        0.0       4.0         0.0       15.0     1750.0        0.0        0.0
  14        0.0       4.0         0.0       15.0     1750.0        0.0        0.0
  15        0.0       4.0         0.0       15.0     2465.0        0.0        0.0
  16        0.0       4.0         0.0       15.0     2465.0        0.0        0.0
  17        0.0       4.0         0.0       15.0     3223.0        0.0        0.0
  18        0.0       4.0         0.0       15.0     3223.0        0.0        0.0
  19        0.0       4.0         0.0       15.0     3223.0        0.0        0.0
  20        0.0       4.0         0.0       15.0     3223.0        0.0        0.0
  21        0.0       4.0         0.0       15.0     2100.0        0.0        0.0
  22        2.0       4.0         0.0       16.0     2100.0        0.0        0.0
  23        8.0       4.0         0.0       16.0     2100.0        0.0        0.0
  24       11.0       4.0         0.0       16.0     2100.0        0.0        0.0
  25       11.0       4.0         0.0       16.0     2100.0        0.0        0.0
  26       11.0       4.0         0.0       17.0     2100.0        0.0        0.0
  27       11.0       4.0         0.0       18.0     2100.0        0.0        0.0
  28       15.0       4.0         0.0       18.0     2164.0        0.0        0.0
  29       15.0       4.0         0.0       19.0     2164.0        0.0        0.0
  30       75.0       1.0         0.0       19.0     2339.0        0.0        0.0
  31      128.0       1.0         0.0       23.0     3175.0        0.0        0.0
  32      128.0       1.0         0.0       25.0     4095.0        0.0        0.0
  33      128.0       1.0         0.0       26.0     4094.0        0.0        0.0
  34      128.0       1.0         0.0       27.0     4094.0        0.0        0.0
  35      128.0       1.0         0.0       26.0     4608.0        0.0        0.0
  36      128.0       1.0         0.0       25.0     4608.0        0.0        0.0
  37      128.0       1.0         0.0       24.0     3850.0        0.0        0.0
  38      128.0       1.0         0.0       24.0     3850.0        0.0        0.0
  39      142.0       1.0         0.0       24.0     3850.0        0.0        0.0
  40      214.0       0.0         0.0       24.0     3850.0        0.0        0.0
  41      214.0       0.0         0.0       24.0     4480.0        0.0        0.0
  42      214.0       0.0         0.0       24.0     4480.0        0.0        0.0
  43      215.0       0.0         0.0       25.0     4561.0        0.0        0.0
  44      215.0       0.0         0.0       27.0     4561.0        0.0        0.0
  45      215.0       0.0         0.0       28.0     4642.0        0.0        0.0
  46      233.0       0.0         0.0       28.0     4812.0        0.0        0.0
  47      249.0       0.0         0.0       28.0     4812.0        0.0        0.0
  48      268.0       0.0         0.0       28.0     4748.0        0.0        0.0
  49      279.0       0.0         0.0       28.0     4748.0        0.0        0.0

 PRODUCCIÓN DE ENERGÍA VS DEMANDA
--------------------------------------------------
 Año Producción (kWh) Demanda (kWh) Cumplimiento
   0                0   158,314,691         0.0%
   1      218,856,000   163,681,559       133.7%
   2      218,856,000   169,230,364       129.3%
   3      218,856,000   174,967,273       125.1%
   4      218,856,000   180,898,664       121.0%
   5      218,856,000   187,031,128       117.0%
   6      218,856,000   193,371,484       113.2%
   7      218,856,000   199,926,777       109.5%
   8      218,856,000   206,704,295       105.9%
   9      218,856,000   213,711,570       102.4%
  10      309,670,000   220,956,393       140.1%
  11      326,670,000   228,446,814       143.0%
  12      340,170,000   236,191,161       144.0%
  13      340,170,000   244,198,042       139.3%
  14      340,170,000   252,476,355       134.7%
  15      340,170,000   261,035,304       130.3%
  16      340,170,000   269,884,401       126.0%
  17      340,170,000   279,033,482       121.9%
  18      340,170,000   288,492,717       117.9%
  19      340,170,000   298,272,620       114.0%
  20      340,170,000   308,384,062       110.3%
  21      340,170,000   318,838,281       106.7%
  22      359,824,000   329,646,899       109.2%
  23      367,786,000   340,821,929       107.9%
  24      371,767,000   352,375,792       105.5%
  25      368,267,000   364,321,332       101.1%
  26      381,767,000   376,671,825       101.4%
  27      398,767,000   389,441,000       102.4%
  28      404,075,000   402,643,050       100.4%
  29      417,575,000   416,292,649       100.3%
  30      430,839,000   430,404,970       100.1%
  31      569,170,000   444,995,698       127.9%
  32      603,170,000   460,081,052       131.1%
  33      620,170,000   475,677,800       130.4%
  34      637,170,000   491,803,278       129.6%
  35      620,170,000   508,475,409       122.0%
  36      603,170,000   525,712,725       114.7%
  37      589,670,000   543,534,386       108.5%
  38      589,670,000   561,960,202       104.9%
  39      608,248,000   581,010,653       104.7%
  40      663,978,000   600,706,914       110.5%
  41      663,978,000   621,070,878       106.9%
  42      663,978,000   642,125,181       103.4%
  43      682,305,000   663,893,225       102.8%
  44      709,305,000   686,399,205       103.3%
  45      726,305,000   709,668,138       102.3%
  46      750,191,000   733,725,888       102.2%
  47      771,423,000   758,599,196       101.7%
  48      796,636,000   784,315,708       101.6%
  49      811,233,000   810,904,011       100.0%

USO DE TERRENOS
--------------------------------------------------
 Año Terreno 0 - Uso Terreno 0 - Arrendado Terreno 1 - Uso Terreno 1 - Arrendado
   0            5 u.                    Sí            4 u.                    Sí
   1        1,137 u.                    Sí        1,126 u.                    Sí
   2          571 u.                    Sí          565 u.                    Sí
   3          571 u.                    Sí          565 u.                    Sí
   4          571 u.                    Sí          565 u.                    Sí
   5          571 u.                    Sí          565 u.                    Sí
   6          571 u.                    Sí          565 u.                    Sí
   7          571 u.                    Sí          565 u.                    Sí
   8          571 u.                    Sí          565 u.                    Sí
   9          571 u.                    Sí          565 u.                    Sí
  10        1,225 u.                    Sí        1,041 u.                    Sí
  11          900 u.                    Sí          807 u.                    Sí
  12          899 u.                    Sí          933 u.                    Sí
  13          899 u.                    Sí          871 u.                    Sí
  14          899 u.                    Sí          870 u.                    Sí
  15          899 u.                    Sí        2,300 u.                    Sí
  16          899 u.                    Sí        1,585 u.                    Sí
  17        2,415 u.                    Sí        1,585 u.                    Sí
  18        1,657 u.                    Sí        1,585 u.                    Sí
  19        1,657 u.                    Sí        1,585 u.                    Sí
  20        1,657 u.                    Sí        1,585 u.                    Sí
  21        1,093 u.                    Sí        1,026 u.                    Sí
  22        1,099 u.                    Sí        1,026 u.                    Sí
  23        1,108 u.                    Sí        1,026 u.                    Sí
  24        1,102 u.                    Sí        1,032 u.                    Sí
  25        1,103 u.                    Sí        1,034 u.                    Sí
  26        1,103 u.                    Sí        1,034 u.                    Sí
  27        1,103 u.                    Sí        1,031 u.                    Sí
  28        1,110 u.                    Sí        1,159 u.                    Sí
  29        1,106 u.                    Sí        1,097 u.                    Sí
  30        1,260 u.                    Sí        1,970 u.                    Sí
  31        1,678 u.                    Sí        2,544 u.                    Sí
  32        3,191 u.                    Sí        2,043 u.                    Sí
  33        2,272 u.                    Sí        1,978 u.                    Sí
  34        2,273 u.                    Sí        1,978 u.                    Sí
  35        2,273 u.                    Sí        3,721 u.                    Sí
  36        2,270 u.                    Sí        2,492 u.                    Sí
  37        1,512 u.                    Sí        2,491 u.                    Sí
  38        1,512 u.                    Sí        2,491 u.                    Sí
  39        1,512 u.                    Sí        2,519 u.                    Sí
  40        1,512 u.                    Sí        2,648 u.                    Sí
  41        1,512 u.                    Sí        3,836 u.                    Sí
  42        1,512 u.                    Sí        3,206 u.                    Sí
  43        1,676 u.                    Sí        3,208 u.                    Sí
  44        1,594 u.                    Sí        3,211 u.                    Sí
  45        1,758 u.                    Sí        3,209 u.                    Sí
  46        2,016 u.                    Sí        3,245 u.                    Sí
  47        1,847 u.                    Sí        3,259 u.                    Sí
  48        1,868 u.                    Sí        3,195 u.                    Sí
  49        1,871 u.                    Sí        3,195 u.                    Sí

ALMACENAMIENTO EN BATERÍAS (Día 1 de cada año)
--------------------------------------------------
 Año Capacidad Total Energía Almacenada Porcentaje Uso
   0           0 kWh              0 kWh           0.0%
   1     258,290 kWh        242,859 kWh          94.0%
   2     258,290 kWh        242,859 kWh          94.0%
   3     258,290 kWh        242,859 kWh          94.0%
   4     258,290 kWh        242,859 kWh          94.0%
   5     258,290 kWh        242,859 kWh          94.0%
   6     258,290 kWh        242,859 kWh          94.0%
   7     258,290 kWh        242,859 kWh          94.0%
   8     258,290 kWh        242,859 kWh          94.0%
   9     258,290 kWh        242,859 kWh          94.0%
  10     387,320 kWh        387,320 kWh         100.0%
  11     387,780 kWh        387,780 kWh         100.0%
  12     402,270 kWh        402,270 kWh         100.0%
  13     402,500 kWh        402,500 kWh         100.0%
  14     402,500 kWh        402,500 kWh         100.0%
  15     566,950 kWh        566,950 kWh         100.0%
  16     566,950 kWh        566,950 kWh         100.0%
  17     741,290 kWh        180,382 kWh          24.3%
  18     741,290 kWh        180,382 kWh          24.3%
  19     741,290 kWh        180,382 kWh          24.3%
  20     741,290 kWh        180,382 kWh          24.3%
  21     483,000 kWh        483,000 kWh         100.0%
  22     483,000 kWh        483,000 kWh         100.0%
  23     483,000 kWh        483,000 kWh         100.0%
  24     483,000 kWh        483,000 kWh         100.0%
  25     483,000 kWh        483,000 kWh         100.0%
  26     483,000 kWh        483,000 kWh         100.0%
  27     483,000 kWh         96,600 kWh          20.0%
  28     497,720 kWh         99,544 kWh          20.0%
  29     497,720 kWh         99,544 kWh          20.0%
  30     537,970 kWh        107,594 kWh          20.0%
  31     730,250 kWh        146,050 kWh          20.0%
  32     941,850 kWh        188,370 kWh          20.0%
  33     941,620 kWh        188,324 kWh          20.0%
  34     941,620 kWh        188,324 kWh          20.0%
  35   1,059,840 kWh        211,968 kWh          20.0%
  36   1,059,840 kWh        211,968 kWh          20.0%
  37     885,500 kWh        177,100 kWh          20.0%
  38     885,500 kWh        177,100 kWh          20.0%
  39     885,500 kWh        177,100 kWh          20.0%
  40     885,500 kWh        177,100 kWh          20.0%
  41   1,030,400 kWh        206,080 kWh          20.0%
  42   1,030,400 kWh        206,080 kWh          20.0%
  43   1,049,030 kWh        209,806 kWh          20.0%
  44   1,049,030 kWh        209,806 kWh          20.0%
  45   1,067,660 kWh        213,532 kWh          20.0%
  46   1,106,760 kWh        221,352 kWh          20.0%
  47   1,106,760 kWh        221,352 kWh          20.0%
  48   1,092,040 kWh        218,408 kWh          20.0%
  49   1,092,040 kWh        218,408 kWh          20.0%

DIVERSIFICACIÓN ENERGÉTICA (Año 10)
--------------------------------------------------
• Producción Solar: 106,170,000 kWh (34.3%)
• Producción Eólica: 203,500,000 kWh (65.7%)

INVERSIÓN POR TIPO DE TECNOLOGÍA
--------------------------------------------------
• Solar Peq: $26,253,900 (7.0%)
• Solar Gr: $9,252,000 (2.5%)
• Eólica Peq: $0 (0.0%)
• Eólica Gr: $328,680,000 (87.3%)
• Bat Litio: $12,502,460 (3.3%)
• Bat Plomo: $0 (0.0%)
• Bat Flujo: $0 (0.0%)

VERIFICACIÓN DE FACTIBILIDAD
--------------------------------------------------
• Presupuesto: $376,955,660 / $495,000,000
• Año 3: Producción 218,856,000 ≥ Demanda 174,967,273
• Año 10: Producción 309,670,000 ≥ Demanda 220,956,393
• Año 15: Producción 340,170,000 ≥ Demanda 261,035,304
• Terreno 0, Año 0: 289,150/500,000 u²
• Terreno 0, Año 10: 491,514/500,000 u²
• Terreno 0, Año 15: 440,916/500,000 u²
• Terreno 1, Año 0: 182,450/500,000 u²
• Terreno 1, Año 10: 446,660/500,000 u²
• Terreno 1, Año 15: 365,588/500,000 u²

RECOMENDACIONES ESTRATÉGICAS
--------------------------------------------------
• Tecnología más construída: Batería Litio
• Total unidades: 8035.0
• Años de primera construcción:
  - Solar Pequeña: Año 22
  - Solar Grande: Año 0
  - Eólica Grande: Año 0
  - Batería Litio: Año 1

================================================================================
ANÁLISIS COMPLETADO EXITOSAMENTE
================================================================================
