
================================================================================
ANÁLISIS COMPLETO DE RESULTADOS
================================================================================

RESUMEN EJECUTIVO
--------------------------------------------------
• Inversión total infraestructura: $376,688,360 USD
• Costo arriendo total: $267,300 USD
• Emisiones totales de CO2: 1,370,777,080 kgCO2
• Energía total producida: 20,061,326,430 kWh
• Presupuesto utilizado: 67.6%

INFRAESTRUCTURA CONSTRUIDA POR AÑO
--------------------------------------------------
  Año  Solar Peq  Solar Gr  Eólica Peq  Eólica Gr  Bat Litio  Bat Plomo  Bat Flujo
    0        0.0       3.0         0.0        6.0     1123.0        0.0        0.0
    1        0.0       0.0         0.0        4.0        0.0        0.0        0.0
    2        0.0       0.0         0.0        0.0        0.0        0.0        0.0
    3        0.0       0.0         0.0        0.0        0.0        0.0        0.0
    4        0.0       0.0         0.0        0.0        0.0        0.0        0.0
    5        0.0       0.0         0.0        0.0        0.0        0.0        0.0
    6        0.0       0.0         0.0        0.0        0.0        0.0        0.0
    7        0.0       0.0         0.0        0.0        0.0        0.0        0.0
    8        0.0       0.0         0.0        0.0        0.0        0.0        0.0
    9        0.0       0.0         0.0        0.0        0.0        0.0        0.0
   10        0.0       1.0         0.0        0.0      237.0        0.0        0.0
   11        0.0       0.0         0.0        3.0      193.0        0.0        0.0
   12        0.0       0.0         0.0        0.0        0.0        0.0        0.0
   13        0.0       0.0         0.0        0.0        5.0        0.0        0.0
   14        0.0       0.0         0.0        2.0      789.0        0.0        0.0
   15        0.0       0.0         0.0        0.0        0.0        0.0        0.0
   16        0.0       0.0         0.0        0.0        0.0        0.0        0.0
   17        0.0       0.0         0.0        0.0      558.0        0.0        0.0
   18        0.0       0.0         0.0        1.0        0.0        0.0        0.0
   19        0.0       0.0         0.0        0.0      162.0        0.0        0.0
   20       13.0       0.0         0.0        0.0        0.0        0.0        0.0
   21        0.0       0.0         0.0        0.0        0.0        0.0        0.0
   22        0.0       0.0         0.0        0.0        0.0        0.0        0.0
   23        0.0       0.0         0.0        0.0        0.0        0.0        0.0
   24        2.0       0.0         0.0        0.0        0.0        0.0        0.0
   25        0.0       0.0         0.0        6.0      162.0        0.0        0.0
   26        0.0       0.0         0.0        5.0       58.0        0.0        0.0
   27        0.0       0.0         0.0        1.0        0.0        0.0        0.0
   28        0.0       0.0         0.0        1.0        0.0        0.0        0.0
   29        0.0       0.0         0.0        0.0        0.0        0.0        0.0
   30       72.0       0.0         0.0        4.0      880.0        0.0        0.0
   31        0.0       0.0         0.0        0.0      193.0        0.0        0.0
   32        0.0       0.0         0.0        0.0      882.0        0.0        0.0
   33        0.0       0.0         0.0        0.0        0.0        0.0        0.0
   34        0.0       0.0         0.0        0.0      601.0        0.0        0.0
   35        0.0       0.0         0.0        0.0        0.0        0.0        0.0
   36       14.0       0.0         0.0        2.0     1005.0        0.0        0.0
   37       13.0       0.0         0.0        0.0        0.0        0.0        0.0
   38       54.0       0.0         0.0        0.0        0.0        0.0        0.0
   39        0.0       0.0         0.0        0.0        0.0        0.0        0.0
   40       36.0       0.0         0.0        1.0      162.0        0.0        0.0
   41        0.0       0.0         0.0        1.0        0.0        0.0        0.0
   42        0.0       0.0         0.0        3.0        0.0        0.0        0.0
   43        0.0       0.0         0.0        2.0       81.0        0.0        0.0
   44       11.0       0.0         0.0        1.0      547.0        0.0        0.0
   45        0.0       0.0         0.0        1.0      378.0        0.0        0.0
   46       11.0       0.0         0.0        0.0        0.0        0.0        0.0
   47       26.0       0.0         0.0        0.0        0.0        0.0        0.0
   48       16.0       0.0         0.0        0.0        0.0        0.0        0.0
   49       11.0       0.0         0.0        0.0       19.0        0.0        0.0
TOTAL      279.0       4.0         0.0       44.0     8035.0        0.0        0.0

INFRAESTRUCTURA EN OPERACIÓN POR AÑO
--------------------------------------------------
 Año  Solar Peq  Solar Gr  Eólica Peq  Eólica Gr  Bat Litio  Bat Plomo  Bat Flujo
   0        0.0       0.0         0.0        0.0        0.0        0.0        0.0
   1        0.0       3.0         0.0       10.0     1123.0        0.0        0.0
   2        0.0       3.0         0.0       10.0     1123.0        0.0        0.0
   3        0.0       3.0         0.0       10.0     1123.0        0.0        0.0
   4        0.0       3.0         0.0       10.0     1123.0        0.0        0.0
   5        0.0       3.0         0.0       10.0     1123.0        0.0        0.0
   6        0.0       3.0         0.0       10.0     1123.0        0.0        0.0
   7        0.0       3.0         0.0       10.0     1123.0        0.0        0.0
   8        0.0       3.0         0.0       10.0     1123.0        0.0        0.0
   9        0.0       3.0         0.0       10.0     1123.0        0.0        0.0
  10        0.0       4.0         0.0       10.0     1360.0        0.0        0.0
  11        0.0       4.0         0.0       13.0     1553.0        0.0        0.0
  12        0.0       4.0         0.0       13.0     1553.0        0.0        0.0
  13        0.0       4.0         0.0       13.0     1558.0        0.0        0.0
  14        0.0       4.0         0.0       15.0     2347.0        0.0        0.0
  15        0.0       4.0         0.0       15.0     2347.0        0.0        0.0
  16        0.0       4.0         0.0       15.0     2347.0        0.0        0.0
  17        0.0       4.0         0.0       15.0     2905.0        0.0        0.0
  18        0.0       4.0         0.0       16.0     2905.0        0.0        0.0
  19        0.0       4.0         0.0       16.0     3067.0        0.0        0.0
  20       13.0       4.0         0.0       16.0     1944.0        0.0        0.0
  21       13.0       4.0         0.0       16.0     1944.0        0.0        0.0
  22       13.0       4.0         0.0       16.0     1944.0        0.0        0.0
  23       13.0       4.0         0.0       16.0     1944.0        0.0        0.0
  24       15.0       4.0         0.0       16.0     1944.0        0.0        0.0
  25       15.0       4.0         0.0       16.0     2106.0        0.0        0.0
  26       15.0       4.0         0.0       17.0     2164.0        0.0        0.0
  27       15.0       4.0         0.0       18.0     2164.0        0.0        0.0
  28       15.0       4.0         0.0       19.0     2164.0        0.0        0.0
  29       15.0       4.0         0.0       19.0     2164.0        0.0        0.0
  30       87.0       1.0         0.0       23.0     2807.0        0.0        0.0
  31       87.0       1.0         0.0       23.0     2807.0        0.0        0.0
  32       87.0       1.0         0.0       23.0     3689.0        0.0        0.0
  33       87.0       1.0         0.0       23.0     3684.0        0.0        0.0
  34       87.0       1.0         0.0       23.0     3496.0        0.0        0.0
  35       87.0       1.0         0.0       23.0     3496.0        0.0        0.0
  36      101.0       1.0         0.0       22.0     4501.0        0.0        0.0
  37      114.0       1.0         0.0       22.0     3943.0        0.0        0.0
  38      168.0       1.0         0.0       22.0     3943.0        0.0        0.0
  39      168.0       1.0         0.0       20.0     3781.0        0.0        0.0
  40      204.0       0.0         0.0       21.0     3943.0        0.0        0.0
  41      204.0       0.0         0.0       22.0     3943.0        0.0        0.0
  42      204.0       0.0         0.0       25.0     3943.0        0.0        0.0
  43      204.0       0.0         0.0       26.0     4024.0        0.0        0.0
  44      215.0       0.0         0.0       27.0     4571.0        0.0        0.0
  45      215.0       0.0         0.0       28.0     4787.0        0.0        0.0
  46      226.0       0.0         0.0       28.0     4729.0        0.0        0.0
  47      252.0       0.0         0.0       28.0     4729.0        0.0        0.0
  48      268.0       0.0         0.0       28.0     4729.0        0.0        0.0
  49      279.0       0.0         0.0       28.0     4748.0        0.0        0.0

 PRODUCCIÓN DE ENERGÍA VS DEMANDA
--------------------------------------------------
 Año Producción (kWh) Demanda (kWh) Cumplimiento
   0                0   158,314,691         0.0%
   1      218,856,000   163,681,559       133.7%
   2      218,856,000   169,230,364       129.3%
   3      218,856,000   174,967,273       125.1%
   4      218,856,000   180,898,664       121.0%
   5      218,856,000   187,031,128       117.0%
   6      218,856,000   193,371,484       113.2%
   7      218,856,000   199,926,777       109.5%
   8      218,856,000   206,704,295       105.9%
   9      218,856,000   213,711,570       102.4%
  10      258,670,000   220,956,393       117.1%
  11      299,170,000   228,446,814       131.0%
  12      299,170,000   236,191,161       126.7%
  13      299,170,000   244,198,042       122.5%
  14      333,170,000   252,476,355       132.0%
  15      333,170,000   261,035,304       127.6%
  16      333,170,000   269,884,401       123.4%
  17      333,170,000   279,033,482       119.4%
  18      350,170,000   288,492,717       121.4%
  19      350,170,000   298,272,620       117.4%
  20      367,421,000   308,384,062       119.1%
  21      367,421,000   318,838,281       115.2%
  22      367,421,000   329,646,899       111.5%
  23      367,421,000   340,821,929       107.8%
  24      370,075,000   352,375,792       105.0%
  25      373,575,000   364,321,332       102.5%
  26      383,575,000   376,671,825       101.8%
  27      400,575,000   389,441,000       102.9%
  28      417,575,000   402,643,050       103.7%
  29      417,575,000   416,292,649       100.3%
  30      514,763,000   430,404,970       119.6%
  31      514,763,000   444,995,698       115.7%
  32      514,763,000   460,081,052       111.9%
  33      514,763,000   475,677,800       108.2%
  34      514,763,000   491,803,278       104.7%
  35      514,763,000   508,475,409       101.2%
  36      526,841,000   525,712,725       100.2%
  37      544,092,000   543,534,386       100.1%
  38      615,750,000   561,960,202       109.6%
  39      581,750,000   581,010,653       100.1%
  40      606,708,000   600,706,914       101.0%
  41      623,708,000   621,070,878       100.4%
  42      664,208,000   642,125,181       103.4%
  43      681,208,000   663,893,225       102.6%
  44      709,305,000   686,399,205       103.3%
  45      726,305,000   709,668,138       102.3%
  46      740,902,000   733,725,888       101.0%
  47      775,404,000   758,599,196       102.2%
  48      796,636,000   784,315,708       101.6%
  49      811,233,000   810,904,011       100.0%

USO DE TERRENOS
--------------------------------------------------
 Año Terreno 0 - Uso Terreno 0 - Arrendado Terreno 1 - Uso Terreno 1 - Arrendado
   0          567 u.                    Sí          565 u.                    Sí
   1          575 u.                    Sí          565 u.                    Sí
   2          571 u.                    Sí          565 u.                    Sí
   3          571 u.                    Sí          565 u.                    Sí
   4          571 u.                    Sí          565 u.                    Sí
   5          571 u.                    Sí          565 u.                    Sí
   6          571 u.                    Sí          565 u.                    Sí
   7          571 u.                    Sí          565 u.                    Sí
   8          571 u.                    Sí          565 u.                    Sí
   9          571 u.                    Sí          565 u.                    Sí
  10          571 u.                    Sí        1,041 u.                    Sí
  11          571 u.                    Sí        1,195 u.                    Sí
  12          571 u.                    Sí          999 u.                    Sí
  13          571 u.                    Sí        1,009 u.                    Sí
  14          899 u.                    Sí        2,258 u.                    Sí
  15          735 u.                    Sí        1,631 u.                    Sí
  16          735 u.                    Sí        1,631 u.                    Sí
  17        1,851 u.                    Sí        1,631 u.                    Sí
  18        1,295 u.                    Sí        1,631 u.                    Sí
  19        1,618 u.                    Sí        1,631 u.                    Sí
  20          908 u.                    Sí        1,082 u.                    Sí
  21          900 u.                    Sí        1,077 u.                    Sí
  22          900 u.                    Sí        1,077 u.                    Sí
  23          900 u.                    Sí        1,077 u.                    Sí
  24          900 u.                    Sí        1,081 u.                    Sí
  25        1,227 u.                    Sí        1,082 u.                    Sí
  26        1,065 u.                    Sí        1,198 u.                    Sí
  27        1,064 u.                    Sí        1,138 u.                    Sí
  28        1,065 u.                    Sí        1,138 u.                    Sí
  29        1,064 u.                    Sí        1,138 u.                    Sí
  30        1,402 u.                    Sí        2,472 u.                    Sí
  31        1,232 u.                    Sí        1,879 u.                    Sí
  32        2,996 u.                    Sí        1,686 u.                    Sí
  33        2,114 u.                    Sí        1,681 u.                    Sí
  34        1,952 u.                    Sí        2,256 u.                    Sí
  35        1,952 u.                    Sí        1,655 u.                    Sí
  36        1,956 u.                    Sí        3,690 u.                    Sí
  37        1,396 u.                    Sí        2,697 u.                    Sí
  38        1,396 u.                    Sí        2,792 u.                    Sí
  39        1,232 u.                    Sí        2,738 u.                    Sí
  40        1,558 u.                    Sí        2,809 u.                    Sí
  41        1,397 u.                    Sí        2,773 u.                    Sí
  42        1,396 u.                    Sí        2,779 u.                    Sí
  43        1,561 u.                    Sí        2,776 u.                    Sí
  44        2,594 u.                    Sí        2,778 u.                    Sí
  45        1,876 u.                    Sí        3,533 u.                    Sí
  46        1,897 u.                    Sí        3,097 u.                    Sí
  47        1,900 u.                    Sí        3,135 u.                    Sí
  48        1,899 u.                    Sí        3,142 u.                    Sí
  49        1,938 u.                    Sí        3,147 u.                    Sí

ALMACENAMIENTO EN BATERÍAS (Día 1 de cada año)
--------------------------------------------------
 Año Capacidad Total Energía Almacenada Porcentaje Uso
   0           0 kWh              0 kWh           0.0%
   1     258,290 kWh        242,859 kWh          94.0%
   2     258,290 kWh        242,859 kWh          94.0%
   3     258,290 kWh        242,859 kWh          94.0%
   4     258,290 kWh        242,859 kWh          94.0%
   5     258,290 kWh        242,859 kWh          94.0%
   6     258,290 kWh        242,859 kWh          94.0%
   7     258,290 kWh        242,859 kWh          94.0%
   8     258,290 kWh        242,859 kWh          94.0%
   9     258,290 kWh        242,859 kWh          94.0%
  10     312,800 kWh        312,800 kWh         100.0%
  11     357,190 kWh        357,190 kWh         100.0%
  12     357,190 kWh        357,190 kWh         100.0%
  13     358,340 kWh        358,340 kWh         100.0%
  14     539,810 kWh        539,810 kWh         100.0%
  15     539,810 kWh        539,810 kWh         100.0%
  16     539,810 kWh        539,810 kWh         100.0%
  17     668,150 kWh        176,302 kWh          26.4%
  18     668,150 kWh        668,150 kWh         100.0%
  19     705,410 kWh        158,137 kWh          22.4%
  20     447,120 kWh        447,120 kWh         100.0%
  21     447,120 kWh        447,120 kWh         100.0%
  22     447,120 kWh        447,120 kWh         100.0%
  23     447,120 kWh        447,120 kWh         100.0%
  24     447,120 kWh        447,120 kWh         100.0%
  25     484,380 kWh        484,380 kWh         100.0%
  26     497,720 kWh        497,720 kWh         100.0%
  27     497,720 kWh         99,544 kWh          20.0%
  28     497,720 kWh         99,544 kWh          20.0%
  29     497,720 kWh         99,544 kWh          20.0%
  30     645,610 kWh        129,122 kWh          20.0%
  31     645,610 kWh        129,122 kWh          20.0%
  32     848,470 kWh        848,470 kWh         100.0%
  33     847,320 kWh        847,320 kWh         100.0%
  34     804,080 kWh        160,816 kWh          20.0%
  35     804,080 kWh        160,816 kWh          20.0%
  36   1,035,230 kWh      1,035,230 kWh         100.0%
  37     906,890 kWh        906,890 kWh         100.0%
  38     906,890 kWh        181,378 kWh          20.0%
  39     869,630 kWh        173,926 kWh          20.0%
  40     906,890 kWh        181,378 kWh          20.0%
  41     906,890 kWh        181,378 kWh          20.0%
  42     906,890 kWh        181,378 kWh          20.0%
  43     925,520 kWh        185,104 kWh          20.0%
  44   1,051,330 kWh        210,266 kWh          20.0%
  45   1,101,010 kWh        220,202 kWh          20.0%
  46   1,087,670 kWh        217,534 kWh          20.0%
  47   1,087,670 kWh        217,534 kWh          20.0%
  48   1,087,670 kWh        217,534 kWh          20.0%
  49   1,092,040 kWh        218,408 kWh          20.0%

DIVERSIFICACIÓN ENERGÉTICA (Año 10)
--------------------------------------------------
• Producción Solar: 106,170,000 kWh (41.0%)
• Producción Eólica: 152,500,000 kWh (59.0%)

INVERSIÓN POR TIPO DE TECNOLOGÍA
--------------------------------------------------
• Solar Peq: $26,253,900 (7.0%)
• Solar Gr: $9,252,000 (2.5%)
• Eólica Peq: $0 (0.0%)
• Eólica Gr: $328,680,000 (87.3%)
• Bat Litio: $12,502,460 (3.3%)
• Bat Plomo: $0 (0.0%)
• Bat Flujo: $0 (0.0%)

VERIFICACIÓN DE FACTIBILIDAD
--------------------------------------------------
• Presupuesto: $376,955,660 / $557,997,138
• Año 3: Producción 218,856,000 ≥ Demanda 174,967,273
• Año 10: Producción 258,670,000 ≥ Demanda 220,956,393
• Año 15: Producción 333,170,000 ≥ Demanda 261,035,304
• Terreno 0, Año 0: 238,819/500,000 u²
• Terreno 0, Año 10: 339,819/500,000 u²
• Terreno 0, Año 15: 390,368/500,000 u²
• Terreno 1, Año 0: 233,118/500,000 u²
• Terreno 1, Año 10: 446,660/500,000 u²
• Terreno 1, Año 15: 415,886/500,000 u²

RECOMENDACIONES ESTRATÉGICAS
--------------------------------------------------
• Tecnología más construída: Batería Litio
• Total unidades: 8035.0
• Años de primera construcción:
  - Solar Pequeña: Año 20
  - Solar Grande: Año 0
  - Eólica Grande: Año 0
  - Batería Litio: Año 0

================================================================================
ANÁLISIS COMPLETADO EXITOSAMENTE
================================================================================
