
================================================================================
ANÁLISIS COMPLETO DE RESULTADOS
================================================================================

RESUMEN EJECUTIVO
--------------------------------------------------
• Inversión total infraestructura: $376,688,360 USD
• Costo arriendo total: $267,300 USD
• Emisiones totales de CO2: 1,370,777,080 kgCO2
• Energía total producida: 20,061,326,430 kWh
• Presupuesto utilizado: 56.3%

INFRAESTRUCTURA CONSTRUIDA POR AÑO
--------------------------------------------------
  Año  Solar Peq  Solar Gr  Eólica Peq  Eólica Gr  Bat Litio  Bat Plomo  Bat Flujo
    0        0.0       3.0         0.0        6.0      564.0        0.0        0.0
    1        0.0       0.0         0.0        4.0      559.0        0.0        0.0
    2        0.0       0.0         0.0        0.0        0.0        0.0        0.0
    3        0.0       0.0         0.0        0.0        0.0        0.0        0.0
    4        0.0       0.0         0.0        0.0        0.0        0.0        0.0
    5        0.0       0.0         0.0        0.0        0.0        0.0        0.0
    6        0.0       0.0         0.0        0.0        0.0        0.0        0.0
    7        0.0       0.0         0.0        0.0        0.0        0.0        0.0
    8        0.0       0.0         0.0        0.0        0.0        0.0        0.0
    9        0.0       0.0         0.0        0.0        0.0        0.0        0.0
   10        0.0       1.0         0.0        0.0      437.0        0.0        0.0
   11        0.0       0.0         0.0        2.0        0.0        0.0        0.0
   12        0.0       0.0         0.0        0.0      688.0        0.0        0.0
   13        0.0       0.0         0.0        2.0      180.0        0.0        0.0
   14        0.0       0.0         0.0        2.0        0.0        0.0        0.0
   15        0.0       0.0         0.0        0.0        0.0        0.0        0.0
   16        0.0       0.0         0.0        0.0        0.0        0.0        0.0
   17        0.0       0.0         0.0        0.0        0.0        0.0        0.0
   18        0.0       0.0         0.0        0.0        0.0        0.0        0.0
   19        0.0       0.0         0.0        0.0       15.0        0.0        0.0
   20        7.0       0.0         0.0        0.0        0.0        0.0        0.0
   21        0.0       0.0         0.0        0.0      559.0        0.0        0.0
   22        0.0       0.0         0.0        0.0        0.0        0.0        0.0
   23        0.0       0.0         0.0        0.0      156.0        0.0        0.0
   24        8.0       0.0         0.0        0.0      129.0        0.0        0.0
   25        0.0       0.0         0.0        6.0        0.0        0.0        0.0
   26        0.0       0.0         0.0        5.0        0.0        0.0        0.0
   27        0.0       0.0         0.0        1.0        0.0        0.0        0.0
   28        0.0       0.0         0.0        0.0        0.0        0.0        0.0
   29        0.0       0.0         0.0        1.0        0.0        0.0        0.0
   30       79.0       0.0         0.0        0.0     2605.0        0.0        0.0
   31       39.0       0.0         0.0        2.0        0.0        0.0        0.0
   32        0.0       0.0         0.0        0.0        1.0        0.0        0.0
   33        1.0       0.0         0.0        0.0        0.0        0.0        0.0
   34        0.0       0.0         0.0        3.0        0.0        0.0        0.0
   35        0.0       0.0         0.0        0.0        0.0        0.0        0.0
   36        0.0       0.0         0.0        2.0        1.0        0.0        0.0
   37        0.0       0.0         0.0        0.0        0.0        0.0        0.0
   38        0.0       0.0         0.0        0.0        0.0        0.0        0.0
   39        0.0       0.0         0.0        3.0        0.0        0.0        0.0
   40       45.0       0.0         0.0        1.0      827.0        0.0        0.0
   41        0.0       0.0         0.0        3.0        0.0        0.0        0.0
   42       11.0       0.0         0.0        0.0      802.0        0.0        0.0
   43       32.0       0.0         0.0        0.0      484.0        0.0        0.0
   44       16.0       0.0         0.0        0.0        0.0        0.0        0.0
   45        8.0       0.0         0.0        1.0        0.0        0.0        0.0
   46       18.0       0.0         0.0        0.0        0.0        0.0        0.0
   47       12.0       0.0         0.0        0.0        0.0        0.0        0.0
   48        2.0       0.0         0.0        0.0       19.0        0.0        0.0
   49        1.0       0.0         0.0        0.0        9.0        0.0        0.0
TOTAL      279.0       4.0         0.0       44.0     8035.0        0.0        0.0

INFRAESTRUCTURA EN OPERACIÓN POR AÑO
--------------------------------------------------
 Año  Solar Peq  Solar Gr  Eólica Peq  Eólica Gr  Bat Litio  Bat Plomo  Bat Flujo
   0        0.0       0.0         0.0        0.0        0.0        0.0        0.0
   1        0.0       3.0         0.0       10.0     1123.0        0.0        0.0
   2        0.0       3.0         0.0       10.0     1123.0        0.0        0.0
   3        0.0       3.0         0.0       10.0     1123.0        0.0        0.0
   4        0.0       3.0         0.0       10.0     1123.0        0.0        0.0
   5        0.0       3.0         0.0       10.0     1123.0        0.0        0.0
   6        0.0       3.0         0.0       10.0     1123.0        0.0        0.0
   7        0.0       3.0         0.0       10.0     1123.0        0.0        0.0
   8        0.0       3.0         0.0       10.0     1123.0        0.0        0.0
   9        0.0       3.0         0.0       10.0     1123.0        0.0        0.0
  10        0.0       4.0         0.0       10.0     1560.0        0.0        0.0
  11        0.0       4.0         0.0       12.0     1560.0        0.0        0.0
  12        0.0       4.0         0.0       12.0     2248.0        0.0        0.0
  13        0.0       4.0         0.0       14.0     2428.0        0.0        0.0
  14        0.0       4.0         0.0       16.0     2428.0        0.0        0.0
  15        0.0       4.0         0.0       16.0     2428.0        0.0        0.0
  16        0.0       4.0         0.0       16.0     2428.0        0.0        0.0
  17        0.0       4.0         0.0       16.0     2428.0        0.0        0.0
  18        0.0       4.0         0.0       16.0     2428.0        0.0        0.0
  19        0.0       4.0         0.0       16.0     2443.0        0.0        0.0
  20        7.0       4.0         0.0       16.0     1879.0        0.0        0.0
  21        7.0       4.0         0.0       16.0     1879.0        0.0        0.0
  22        7.0       4.0         0.0       16.0     1879.0        0.0        0.0
  23        7.0       4.0         0.0       16.0     2035.0        0.0        0.0
  24       15.0       4.0         0.0       16.0     2164.0        0.0        0.0
  25       15.0       4.0         0.0       16.0     2164.0        0.0        0.0
  26       15.0       4.0         0.0       17.0     2164.0        0.0        0.0
  27       15.0       4.0         0.0       18.0     2164.0        0.0        0.0
  28       15.0       4.0         0.0       18.0     2164.0        0.0        0.0
  29       15.0       4.0         0.0       19.0     2164.0        0.0        0.0
  30       94.0       1.0         0.0       19.0     4332.0        0.0        0.0
  31      133.0       1.0         0.0       21.0     4332.0        0.0        0.0
  32      133.0       1.0         0.0       21.0     3645.0        0.0        0.0
  33      134.0       1.0         0.0       21.0     3465.0        0.0        0.0
  34      134.0       1.0         0.0       24.0     3465.0        0.0        0.0
  35      134.0       1.0         0.0       24.0     3465.0        0.0        0.0
  36      134.0       1.0         0.0       24.0     3466.0        0.0        0.0
  37      134.0       1.0         0.0       24.0     3466.0        0.0        0.0
  38      134.0       1.0         0.0       22.0     3466.0        0.0        0.0
  39      134.0       1.0         0.0       23.0     3451.0        0.0        0.0
  40      179.0       0.0         0.0       24.0     4278.0        0.0        0.0
  41      179.0       0.0         0.0       27.0     3719.0        0.0        0.0
  42      190.0       0.0         0.0       27.0     4521.0        0.0        0.0
  43      222.0       0.0         0.0       27.0     4849.0        0.0        0.0
  44      238.0       0.0         0.0       27.0     4720.0        0.0        0.0
  45      246.0       0.0         0.0       28.0     4720.0        0.0        0.0
  46      264.0       0.0         0.0       28.0     4720.0        0.0        0.0
  47      276.0       0.0         0.0       28.0     4720.0        0.0        0.0
  48      278.0       0.0         0.0       28.0     4739.0        0.0        0.0
  49      279.0       0.0         0.0       28.0     4748.0        0.0        0.0

 PRODUCCIÓN DE ENERGÍA VS DEMANDA
--------------------------------------------------
 Año Producción (kWh) Demanda (kWh) Cumplimiento
   0                0   158,314,691         0.0%
   1      218,856,000   163,681,559       133.7%
   2      218,856,000   169,230,364       129.3%
   3      218,856,000   174,967,273       125.1%
   4      218,856,000   180,898,664       121.0%
   5      218,856,000   187,031,128       117.0%
   6      218,856,000   193,371,484       113.2%
   7      218,856,000   199,926,777       109.5%
   8      218,856,000   206,704,295       105.9%
   9      218,856,000   213,711,570       102.4%
  10      258,670,000   220,956,393       117.1%
  11      292,670,000   228,446,814       128.1%
  12      292,670,000   236,191,161       123.9%
  13      319,670,000   244,198,042       130.9%
  14      353,670,000   252,476,355       140.1%
  15      353,670,000   261,035,304       135.5%
  16      353,670,000   269,884,401       131.0%
  17      353,670,000   279,033,482       126.7%
  18      353,670,000   288,492,717       122.6%
  19      353,670,000   298,272,620       118.6%
  20      362,959,000   308,384,062       117.7%
  21      362,959,000   318,838,281       113.8%
  22      362,959,000   329,646,899       110.1%
  23      362,959,000   340,821,929       106.5%
  24      373,575,000   352,375,792       106.0%
  25      370,075,000   364,321,332       101.6%
  26      387,075,000   376,671,825       102.8%
  27      404,075,000   389,441,000       103.8%
  28      404,075,000   402,643,050       100.4%
  29      417,575,000   416,292,649       100.3%
  30      456,052,000   430,404,970       106.0%
  31      541,805,000   444,995,698       121.8%
  32      541,805,000   460,081,052       117.8%
  33      543,132,000   475,677,800       114.2%
  34      594,132,000   491,803,278       120.8%
  35      594,132,000   508,475,409       116.8%
  36      594,132,000   525,712,725       113.0%
  37      594,132,000   543,534,386       109.3%
  38      567,132,000   561,960,202       100.9%
  39      584,132,000   581,010,653       100.5%
  40      621,033,000   600,706,914       103.4%
  41      661,533,000   621,070,878       106.5%
  42      676,130,000   642,125,181       105.3%
  43      718,594,000   663,893,225       108.2%
  44      739,826,000   686,399,205       107.8%
  45      767,442,000   709,668,138       108.1%
  46      791,328,000   733,725,888       107.9%
  47      807,252,000   758,599,196       106.4%
  48      809,906,000   784,315,708       103.3%
  49      811,233,000   810,904,011       100.0%

USO DE TERRENOS
--------------------------------------------------
 Año Terreno 0 - Uso Terreno 0 - Arrendado Terreno 1 - Uso Terreno 1 - Arrendado
   0          570 u.                    Sí            3 u.                    Sí
   1          572 u.                    Sí        1,127 u.                    Sí
   2          571 u.                    Sí          565 u.                    Sí
   3          571 u.                    Sí          565 u.                    Sí
   4          571 u.                    Sí          565 u.                    Sí
   5          571 u.                    Sí          565 u.                    Sí
   6          571 u.                    Sí          565 u.                    Sí
   7          571 u.                    Sí          565 u.                    Sí
   8          571 u.                    Sí          565 u.                    Sí
   9          571 u.                    Sí          565 u.                    Sí
  10          971 u.                    Sí        1,041 u.                    Sí
  11          775 u.                    Sí          803 u.                    Sí
  12        2,149 u.                    Sí          803 u.                    Sí
  13        1,461 u.                    Sí        1,167 u.                    Sí
  14        1,465 u.                    Sí          985 u.                    Sí
  15        1,463 u.                    Sí          985 u.                    Sí
  16        1,463 u.                    Sí          985 u.                    Sí
  17        1,463 u.                    Sí          985 u.                    Sí
  18        1,463 u.                    Sí          985 u.                    Sí
  19        1,463 u.                    Sí        1,015 u.                    Sí
  20          899 u.                    Sí        1,014 u.                    Sí
  21          899 u.                    Sí        1,566 u.                    Sí
  22          899 u.                    Sí        1,007 u.                    Sí
  23        1,211 u.                    Sí        1,007 u.                    Sí
  24        1,071 u.                    Sí        1,265 u.                    Sí
  25        1,065 u.                    Sí        1,140 u.                    Sí
  26        1,065 u.                    Sí        1,140 u.                    Sí
  27        1,065 u.                    Sí        1,137 u.                    Sí
  28        1,064 u.                    Sí        1,137 u.                    Sí
  29        1,064 u.                    Sí        1,139 u.                    Sí
  30        3,456 u.                    Sí        3,674 u.                    Sí
  31        2,163 u.                    Sí        2,365 u.                    Sí
  32        1,473 u.                    Sí        2,328 u.                    Sí
  33        1,473 u.                    Sí        2,149 u.                    Sí
  34        1,479 u.                    Sí        2,148 u.                    Sí
  35        1,476 u.                    Sí        2,148 u.                    Sí
  36        1,478 u.                    Sí        2,150 u.                    Sí
  37        1,476 u.                    Sí        2,149 u.                    Sí
  38        1,476 u.                    Sí        2,147 u.                    Sí
  39        1,480 u.                    Sí        2,132 u.                    Sí
  40        1,479 u.                    Sí        3,875 u.                    Sí
  41        1,478 u.                    Sí        2,450 u.                    Sí
  42        1,478 u.                    Sí        4,073 u.                    Sí
  43        2,290 u.                    Sí        3,324 u.                    Sí
  44        1,806 u.                    Sí        3,195 u.                    Sí
  45        1,808 u.                    Sí        3,195 u.                    Sí
  46        1,843 u.                    Sí        3,187 u.                    Sí
  47        1,841 u.                    Sí        3,195 u.                    Sí
  48        1,833 u.                    Sí        3,233 u.                    Sí
  49        1,833 u.                    Sí        3,232 u.                    Sí

ALMACENAMIENTO EN BATERÍAS (Día 1 de cada año)
--------------------------------------------------
 Año Capacidad Total Energía Almacenada Porcentaje Uso
   0           0 kWh              0 kWh           0.0%
   1     258,290 kWh        242,859 kWh          94.0%
   2     258,290 kWh        242,859 kWh          94.0%
   3     258,290 kWh        242,859 kWh          94.0%
   4     258,290 kWh        242,859 kWh          94.0%
   5     258,290 kWh        242,859 kWh          94.0%
   6     258,290 kWh        242,859 kWh          94.0%
   7     258,290 kWh        242,859 kWh          94.0%
   8     258,290 kWh        242,859 kWh          94.0%
   9     258,290 kWh        242,859 kWh          94.0%
  10     358,800 kWh        358,800 kWh         100.0%
  11     358,800 kWh        358,800 kWh         100.0%
  12     517,040 kWh        207,107 kWh          40.1%
  13     558,440 kWh        558,440 kWh         100.0%
  14     558,440 kWh        558,440 kWh         100.0%
  15     558,440 kWh        558,440 kWh         100.0%
  16     558,440 kWh        558,440 kWh         100.0%
  17     558,440 kWh        558,440 kWh         100.0%
  18     558,440 kWh        558,440 kWh         100.0%
  19     561,890 kWh        561,890 kWh         100.0%
  20     432,170 kWh        432,170 kWh         100.0%
  21     432,170 kWh        432,170 kWh         100.0%
  22     432,170 kWh        432,170 kWh         100.0%
  23     468,050 kWh        468,050 kWh         100.0%
  24     497,720 kWh        497,720 kWh         100.0%
  25     497,720 kWh        497,720 kWh         100.0%
  26     497,720 kWh        497,720 kWh         100.0%
  27     497,720 kWh         99,544 kWh          20.0%
  28     497,720 kWh         99,544 kWh          20.0%
  29     497,720 kWh         99,544 kWh          20.0%
  30     996,360 kWh        996,360 kWh         100.0%
  31     996,360 kWh        996,360 kWh         100.0%
  32     838,350 kWh        167,670 kWh          20.0%
  33     796,950 kWh        159,390 kWh          20.0%
  34     796,950 kWh        159,390 kWh          20.0%
  35     796,950 kWh        159,390 kWh          20.0%
  36     797,180 kWh        159,436 kWh          20.0%
  37     797,180 kWh        159,436 kWh          20.0%
  38     797,180 kWh        159,436 kWh          20.0%
  39     793,730 kWh        158,746 kWh          20.0%
  40     983,940 kWh        196,788 kWh          20.0%
  41     855,370 kWh        171,074 kWh          20.0%
  42   1,039,830 kWh        207,966 kWh          20.0%
  43   1,115,270 kWh        223,054 kWh          20.0%
  44   1,085,600 kWh        217,120 kWh          20.0%
  45   1,085,600 kWh        217,120 kWh          20.0%
  46   1,085,600 kWh        217,120 kWh          20.0%
  47   1,085,600 kWh        217,120 kWh          20.0%
  48   1,089,970 kWh        217,994 kWh          20.0%
  49   1,092,040 kWh        218,408 kWh          20.0%

DIVERSIFICACIÓN ENERGÉTICA (Año 10)
--------------------------------------------------
• Producción Solar: 106,170,000 kWh (41.0%)
• Producción Eólica: 152,500,000 kWh (59.0%)

INVERSIÓN POR TIPO DE TECNOLOGÍA
--------------------------------------------------
• Solar Peq: $26,253,900 (7.0%)
• Solar Gr: $9,252,000 (2.5%)
• Eólica Peq: $0 (0.0%)
• Eólica Gr: $328,680,000 (87.3%)
• Bat Litio: $12,502,460 (3.3%)
• Bat Plomo: $0 (0.0%)
• Bat Flujo: $0 (0.0%)

VERIFICACIÓN DE FACTIBILIDAD
--------------------------------------------------
• Presupuesto: $376,955,660 / $669,596,565
• Año 3: Producción 218,856,000 ≥ Demanda 174,967,273
• Año 10: Producción 258,670,000 ≥ Demanda 220,956,393
• Año 15: Producción 353,670,000 ≥ Demanda 261,035,304
• Terreno 0, Año 0: 314,569/500,000 u²
• Terreno 0, Año 10: 339,939/500,000 u²
• Terreno 0, Año 15: 441,086/500,000 u²
• Terreno 1, Año 0: 157,200/500,000 u²
• Terreno 1, Año 10: 446,660/500,000 u²
• Terreno 1, Año 15: 390,443/500,000 u²

RECOMENDACIONES ESTRATÉGICAS
--------------------------------------------------
• Tecnología más construída: Batería Litio
• Total unidades: 8035.0
• Años de primera construcción:
  - Solar Pequeña: Año 20
  - Solar Grande: Año 0
  - Eólica Grande: Año 0
  - Batería Litio: Año 0

================================================================================
ANÁLISIS COMPLETADO EXITOSAMENTE
================================================================================
