
================================================================================
ANÁLISIS COMPLETO DE RESULTADOS
================================================================================

RESUMEN EJECUTIVO
--------------------------------------------------
• Inversión total infraestructura: $267,732,224 USD
• Costo arriendo total: $267,300 USD
• Emisiones totales de CO2: 1,435,414,720 kgCO2
• Energía total producida: 20,061,326,430 kWh
• Presupuesto utilizado: 99.3%

INFRAESTRUCTURA CONSTRUIDA POR AÑO
--------------------------------------------------
  Año  Solar Peq  Solar Gr  Eólica Peq  Eólica Gr  Bat Litio  Bat Plomo  Bat Flujo
    0        0.0       2.0         0.0        5.0      809.0        0.0        0.0
    1       10.0       0.0         0.0        4.0      332.0        0.0        0.0
    2        0.0       0.0         0.0        0.0        0.0        0.0        0.0
    3        0.0       0.0         0.0        0.0        0.0        0.0        0.0
    4        0.0       0.0         0.0        0.0        0.0        0.0        0.0
    5        0.0       0.0         0.0        0.0        0.0        0.0        0.0
    6        0.0       0.0         0.0        0.0        0.0        0.0        0.0
    7        0.0       0.0         0.0        0.0        0.0        0.0        0.0
    8        0.0       0.0         0.0        0.0        0.0        0.0        0.0
    9        0.0       0.0         0.0        0.0        0.0        0.0        0.0
   10        0.0       1.0         0.0        0.0      238.0        0.0        0.0
   11        0.0       1.0         0.0        0.0      237.0        0.0        0.0
   12        0.0       0.0         0.0        0.0        0.0        0.0        0.0
   13        0.0       0.0         0.0        0.0        0.0        0.0        0.0
   14        0.0       0.0         0.0        0.0     1145.0        0.0        0.0
   15        0.0       0.0         0.0        1.0        0.0        0.0        0.0
   16        0.0       0.0         0.0        0.0        0.0        0.0        0.0
   17        0.0       0.0         0.0        0.0        0.0        0.0        0.0
   18        0.0       0.0         0.0        0.0        0.0        0.0        0.0
   19        0.0       0.0         0.0        0.0      650.0        0.0        0.0
   20        9.0       0.0         0.0        0.0        1.0        0.0        0.0
   21        0.0       0.0         0.0        0.0        0.0        0.0        0.0
   22       20.0       0.0         0.0        0.0        0.0        0.0        0.0
   23        0.0       0.0         0.0        0.0        0.0        0.0        0.0
   24        0.0       0.0         0.0        0.0        0.0        0.0        0.0
   25        0.0       0.0         0.0        6.0        0.0        0.0        0.0
   26        0.0       0.0         0.0        5.0        0.0        0.0        0.0
   27        0.0       0.0         0.0        1.0        0.0        0.0        0.0
   28        0.0       0.0         0.0        1.0        0.0        0.0        0.0
   29        1.0       0.0         0.0        0.0        0.0        0.0        0.0
   30       60.0       0.0         0.0        0.0     2414.0        0.0        0.0
   31       32.0       0.0         0.0        2.0        0.0        0.0        0.0
   32        0.0       0.0         0.0        1.0        1.0        0.0        0.0
   33        0.0       0.0         0.0        0.0        0.0        0.0        0.0
   34        0.0       0.0         0.0        0.0        0.0        0.0        0.0
   35        0.0       0.0         0.0        0.0        0.0        0.0        0.0
   36        2.0       0.0         0.0        0.0       10.0        0.0        0.0
   37       74.0       0.0         0.0        0.0      701.0        0.0        0.0
   38        0.0       0.0         0.0        0.0        0.0        0.0        0.0
   39        0.0       0.0         0.0        1.0     1608.0        0.0        0.0
   40        0.0       1.0         0.0        0.0        0.0        0.0        0.0
   41        0.0       1.0         0.0        0.0        0.0        0.0        0.0
   42       51.0       0.0         0.0        0.0        0.0        0.0        0.0
   43       28.0       0.0         0.0        0.0        0.0        0.0        0.0
   44       14.0       0.0         0.0        0.0        1.0        0.0        0.0
   45        3.0       0.0         0.0        1.0        0.0        0.0        0.0
   46        6.0       0.0         0.0        0.0      209.0        0.0        0.0
   47       15.0       0.0         0.0        0.0       48.0        0.0        0.0
   48        7.0       0.0         0.0        0.0        0.0        0.0        0.0
   49        4.0       0.0         0.0        0.0        0.0        0.0        0.0
TOTAL      336.0       6.0         0.0       28.0     8404.0        0.0        0.0

INFRAESTRUCTURA EN OPERACIÓN POR AÑO
--------------------------------------------------
 Año  Solar Peq  Solar Gr  Eólica Peq  Eólica Gr  Bat Litio  Bat Plomo  Bat Flujo
   0        0.0       0.0         0.0        0.0        0.0        0.0        0.0
   1       10.0       2.0         0.0        9.0     1141.0        0.0        0.0
   2       10.0       2.0         0.0        9.0     1141.0        0.0        0.0
   3       10.0       2.0         0.0        9.0     1141.0        0.0        0.0
   4       10.0       2.0         0.0        9.0     1141.0        0.0        0.0
   5       10.0       2.0         0.0        9.0     1141.0        0.0        0.0
   6       10.0       2.0         0.0        9.0     1141.0        0.0        0.0
   7       10.0       2.0         0.0        9.0     1141.0        0.0        0.0
   8       10.0       2.0         0.0        9.0     1141.0        0.0        0.0
   9       10.0       2.0         0.0        9.0     1141.0        0.0        0.0
  10       10.0       3.0         0.0        9.0     1379.0        0.0        0.0
  11       10.0       4.0         0.0        9.0     1616.0        0.0        0.0
  12       10.0       4.0         0.0        9.0     1616.0        0.0        0.0
  13       10.0       4.0         0.0        9.0     1616.0        0.0        0.0
  14       10.0       4.0         0.0        9.0     2761.0        0.0        0.0
  15       10.0       4.0         0.0       10.0     2761.0        0.0        0.0
  16       10.0       4.0         0.0       10.0     2761.0        0.0        0.0
  17       10.0       4.0         0.0       10.0     2761.0        0.0        0.0
  18       10.0       4.0         0.0       10.0     2761.0        0.0        0.0
  19       10.0       4.0         0.0       10.0     3411.0        0.0        0.0
  20       19.0       4.0         0.0       10.0     2603.0        0.0        0.0
  21       19.0       4.0         0.0       10.0     2271.0        0.0        0.0
  22       39.0       4.0         0.0       10.0     2271.0        0.0        0.0
  23       39.0       4.0         0.0       10.0     2271.0        0.0        0.0
  24       39.0       4.0         0.0       10.0     2271.0        0.0        0.0
  25       39.0       4.0         0.0       11.0     2271.0        0.0        0.0
  26       39.0       4.0         0.0       12.0     2271.0        0.0        0.0
  27       39.0       4.0         0.0       13.0     2271.0        0.0        0.0
  28       39.0       4.0         0.0       14.0     2271.0        0.0        0.0
  29       40.0       4.0         0.0       14.0     2271.0        0.0        0.0
  30      100.0       2.0         0.0       14.0     4447.0        0.0        0.0
  31      122.0       2.0         0.0       16.0     4210.0        0.0        0.0
  32      122.0       2.0         0.0       17.0     4211.0        0.0        0.0
  33      122.0       2.0         0.0       17.0     4211.0        0.0        0.0
  34      122.0       2.0         0.0       17.0     3066.0        0.0        0.0
  35      122.0       2.0         0.0       17.0     3066.0        0.0        0.0
  36      124.0       2.0         0.0       17.0     3076.0        0.0        0.0
  37      198.0       2.0         0.0       17.0     3777.0        0.0        0.0
  38      198.0       2.0         0.0       17.0     3777.0        0.0        0.0
  39      198.0       2.0         0.0       18.0     4735.0        0.0        0.0
  40      198.0       2.0         0.0       17.0     4734.0        0.0        0.0
  41      198.0       2.0         0.0       17.0     4734.0        0.0        0.0
  42      249.0       2.0         0.0       17.0     4734.0        0.0        0.0
  43      277.0       2.0         0.0       17.0     4734.0        0.0        0.0
  44      291.0       2.0         0.0       17.0     4735.0        0.0        0.0
  45      294.0       2.0         0.0       18.0     4735.0        0.0        0.0
  46      300.0       2.0         0.0       18.0     4944.0        0.0        0.0
  47      315.0       2.0         0.0       18.0     4992.0        0.0        0.0
  48      322.0       2.0         0.0       18.0     4992.0        0.0        0.0
  49      326.0       2.0         0.0       18.0     4992.0        0.0        0.0

 PRODUCCIÓN DE ENERGÍA VS DEMANDA
--------------------------------------------------
 Año Producción (kWh) Demanda (kWh) Cumplimiento
   0                0   158,314,691         0.0%
   1      219,355,000   163,681,559       134.0%
   2      219,355,000   169,230,364       129.6%
   3      219,355,000   174,967,273       125.4%
   4      219,355,000   180,898,664       121.3%
   5      219,355,000   187,031,128       117.3%
   6      219,355,000   193,371,484       113.4%
   7      219,355,000   199,926,777       109.7%
   8      219,355,000   206,704,295       106.1%
   9      219,355,000   213,711,570       102.6%
  10      259,169,000   220,956,393       117.3%
  11      298,983,000   228,446,814       130.9%
  12      298,983,000   236,191,161       126.6%
  13      298,983,000   244,198,042       122.4%
  14      298,983,000   252,476,355       118.4%
  15      315,983,000   261,035,304       121.0%
  16      315,983,000   269,884,401       117.1%
  17      315,983,000   279,033,482       113.2%
  18      315,983,000   288,492,717       109.5%
  19      315,983,000   298,272,620       105.9%
  20      327,926,000   308,384,062       106.3%
  21      327,926,000   318,838,281       102.9%
  22      354,466,000   329,646,899       107.5%
  23      354,466,000   340,821,929       104.0%
  24      354,466,000   352,375,792       100.6%
  25      364,466,000   364,321,332       100.0%
  26      381,466,000   376,671,825       101.3%
  27      398,466,000   389,441,000       102.3%
  28      415,466,000   402,643,050       103.2%
  29      416,793,000   416,292,649       100.1%
  30      443,328,000   430,404,970       103.0%
  31      506,522,000   444,995,698       113.8%
  32      523,522,000   460,081,052       113.8%
  33      523,522,000   475,677,800       110.1%
  34      523,522,000   491,803,278       106.4%
  35      523,522,000   508,475,409       103.0%
  36      526,176,000   525,712,725       100.1%
  37      624,374,000   543,534,386       114.9%
  38      624,374,000   561,960,202       111.1%
  39      641,374,000   581,010,653       110.4%
  40      624,374,000   600,706,914       103.9%
  41      624,374,000   621,070,878       100.5%
  42      692,051,000   642,125,181       107.8%
  43      729,207,000   663,893,225       109.8%
  44      747,785,000   686,399,205       108.9%
  45      768,766,000   709,668,138       108.3%
  46      776,728,000   733,725,888       105.9%
  47      796,633,000   758,599,196       105.0%
  48      805,922,000   784,315,708       102.8%
  49      811,230,000   810,904,011       100.0%

USO DE TERRENOS
--------------------------------------------------
 Año Terreno 0 - Uso Terreno 0 - Arrendado Terreno 1 - Uso Terreno 1 - Arrendado
   0          815 u.                    Sí            1 u.                    Sí
   1          823 u.                    Sí          685 u.                    Sí
   2          819 u.                    Sí          343 u.                    Sí
   3          819 u.                    Sí          343 u.                    Sí
   4          819 u.                    Sí          343 u.                    Sí
   5          819 u.                    Sí          343 u.                    Sí
   6          819 u.                    Sí          343 u.                    Sí
   7          819 u.                    Sí          343 u.                    Sí
   8          819 u.                    Sí          343 u.                    Sí
   9          819 u.                    Sí          343 u.                    Sí
  10          819 u.                    Sí          821 u.                    Sí
  11          819 u.                    Sí        1,058 u.                    Sí
  12          819 u.                    Sí          820 u.                    Sí
  13          819 u.                    Sí          820 u.                    Sí
  14        3,109 u.                    Sí          820 u.                    Sí
  15        1,966 u.                    Sí          820 u.                    Sí
  16        1,965 u.                    Sí          820 u.                    Sí
  17        1,965 u.                    Sí          820 u.                    Sí
  18        1,965 u.                    Sí          820 u.                    Sí
  19        1,965 u.                    Sí        2,120 u.                    Sí
  20        1,176 u.                    Sí        1,470 u.                    Sí
  21        1,166 u.                    Sí        1,138 u.                    Sí
  22        1,166 u.                    Sí        1,178 u.                    Sí
  23        1,166 u.                    Sí        1,158 u.                    Sí
  24        1,166 u.                    Sí        1,158 u.                    Sí
  25        1,169 u.                    Sí        1,162 u.                    Sí
  26        1,171 u.                    Sí        1,160 u.                    Sí
  27        1,168 u.                    Sí        1,160 u.                    Sí
  28        1,169 u.                    Sí        1,160 u.                    Sí
  29        1,170 u.                    Sí        1,160 u.                    Sí
  30        5,206 u.                    Sí        1,831 u.                    Sí
  31        3,191 u.                    Sí        1,193 u.                    Sí
  32        3,191 u.                    Sí        1,163 u.                    Sí
  33        3,190 u.                    Sí        1,162 u.                    Sí
  34        2,045 u.                    Sí        1,162 u.                    Sí
  35        2,045 u.                    Sí        1,162 u.                    Sí
  36        2,045 u.                    Sí        1,186 u.                    Sí
  37        2,045 u.                    Sí        2,724 u.                    Sí
  38        2,045 u.                    Sí        1,949 u.                    Sí
  39        2,047 u.                    Sí        4,515 u.                    Sí
  40        2,044 u.                    Sí        2,908 u.                    Sí
  41        2,044 u.                    Sí        2,908 u.                    Sí
  42        2,044 u.                    Sí        3,009 u.                    Sí
  43        2,044 u.                    Sí        3,014 u.                    Sí
  44        2,046 u.                    Sí        3,014 u.                    Sí
  45        2,047 u.                    Sí        3,006 u.                    Sí
  46        2,466 u.                    Sí        3,013 u.                    Sí
  47        2,280 u.                    Sí        3,110 u.                    Sí
  48        2,280 u.                    Sí        3,061 u.                    Sí
  49        2,280 u.                    Sí        3,062 u.                    Sí

ALMACENAMIENTO EN BATERÍAS (Día 1 de cada año)
--------------------------------------------------
 Año Capacidad Total Energía Almacenada Porcentaje Uso
   0           0 kWh              0 kWh           0.0%
   1     262,430 kWh        242,934 kWh          92.6%
   2     262,430 kWh        242,934 kWh          92.6%
   3     262,430 kWh        242,934 kWh          92.6%
   4     262,430 kWh        242,934 kWh          92.6%
   5     262,430 kWh        242,934 kWh          92.6%
   6     262,430 kWh        242,934 kWh          92.6%
   7     262,430 kWh        242,934 kWh          92.6%
   8     262,430 kWh        242,934 kWh          92.6%
   9     262,430 kWh        242,934 kWh          92.6%
  10     317,170 kWh        317,170 kWh         100.0%
  11     371,680 kWh        371,680 kWh         100.0%
  12     371,680 kWh        371,680 kWh         100.0%
  13     371,680 kWh        371,680 kWh         100.0%
  14     635,030 kWh        244,917 kWh          38.6%
  15     635,030 kWh        219,300 kWh          34.5%
  16     635,030 kWh        219,300 kWh          34.5%
  17     635,030 kWh        219,300 kWh          34.5%
  18     635,030 kWh        219,300 kWh          34.5%
  19     784,530 kWh        249,200 kWh          31.8%
  20     598,690 kWh        201,152 kWh          33.6%
  21     522,330 kWh        522,330 kWh         100.0%
  22     522,330 kWh        522,330 kWh         100.0%
  23     522,330 kWh        522,330 kWh         100.0%
  24     522,330 kWh        522,330 kWh         100.0%
  25     522,330 kWh        522,330 kWh         100.0%
  26     522,330 kWh        522,330 kWh         100.0%
  27     522,330 kWh        522,330 kWh         100.0%
  28     522,330 kWh        104,466 kWh          20.0%
  29     522,330 kWh        104,466 kWh          20.0%
  30   1,022,810 kWh        204,562 kWh          20.0%
  31     968,300 kWh        968,300 kWh         100.0%
  32     968,530 kWh        968,530 kWh         100.0%
  33     968,530 kWh        968,530 kWh         100.0%
  34     705,180 kWh        141,036 kWh          20.0%
  35     705,180 kWh        141,036 kWh          20.0%
  36     707,480 kWh        141,496 kWh          20.0%
  37     868,710 kWh        173,742 kWh          20.0%
  38     868,710 kWh        173,742 kWh          20.0%
  39   1,089,050 kWh        217,810 kWh          20.0%
  40   1,088,820 kWh        217,764 kWh          20.0%
  41   1,088,820 kWh        217,764 kWh          20.0%
  42   1,088,820 kWh        217,764 kWh          20.0%
  43   1,088,820 kWh        217,764 kWh          20.0%
  44   1,089,050 kWh        217,810 kWh          20.0%
  45   1,089,050 kWh        217,810 kWh          20.0%
  46   1,137,120 kWh        227,424 kWh          20.0%
  47   1,148,160 kWh        229,632 kWh          20.0%
  48   1,148,160 kWh        229,632 kWh          20.0%
  49   1,148,160 kWh        229,632 kWh          20.0%

DIVERSIFICACIÓN ENERGÉTICA (Año 10)
--------------------------------------------------
• Producción Solar: 106,169,000 kWh (41.0%)
• Producción Eólica: 153,000,000 kWh (59.0%)

INVERSIÓN POR TIPO DE TECNOLOGÍA
--------------------------------------------------
• Solar Peq: $31,617,600 (11.8%)
• Solar Gr: $13,878,000 (5.2%)
• Eólica Peq: $0 (0.0%)
• Eólica Gr: $209,160,000 (78.1%)
• Bat Litio: $13,076,624 (4.9%)
• Bat Plomo: $0 (0.0%)
• Bat Flujo: $0 (0.0%)

VERIFICACIÓN DE FACTIBILIDAD
--------------------------------------------------
• Presupuesto: $267,999,524 / $270,000,000
• Año 3: Producción 219,355,000 ≥ Demanda 174,967,273
• Año 10: Producción 259,169,000 ≥ Demanda 220,956,393
• Año 15: Producción 315,983,000 ≥ Demanda 261,035,304
• Terreno 0, Año 0: 233,193/500,000 u²
• Terreno 0, Año 10: 334,193/500,000 u²
• Terreno 0, Año 15: 385,036/500,000 u²
• Terreno 1, Año 0: 106,700/500,000 u²
• Terreno 1, Año 10: 330,342/500,000 u²
• Terreno 1, Año 15: 330,342/500,000 u²

RECOMENDACIONES ESTRATÉGICAS
--------------------------------------------------
• Tecnología más construída: Batería Litio
• Total unidades: 8404.0
• Años de primera construcción:
  - Solar Pequeña: Año 1
  - Solar Grande: Año 0
  - Eólica Grande: Año 0
  - Batería Litio: Año 0

================================================================================
ANÁLISIS COMPLETADO EXITOSAMENTE
================================================================================
