
================================================================================
ANÁLISIS COMPLETO DE RESULTADOS
================================================================================

RESUMEN EJECUTIVO
--------------------------------------------------
• Inversión total infraestructura: $333,926,188 USD
• Costo arriendo total: $267,300 USD
• Emisiones totales de CO2: 1,390,282,080 kgCO2
• Energía total producida: 20,061,326,430 kWh
• Presupuesto utilizado: 99.8%

INFRAESTRUCTURA CONSTRUIDA POR AÑO
--------------------------------------------------
  Año  Solar Peq  Solar Gr  Eólica Peq  Eólica Gr  Bat Litio  Bat Plomo  Bat Flujo
    0        5.0       1.0         0.0        6.0      846.0        0.0        0.0
    1        5.0       1.0         0.0        3.0      295.0        0.0        0.0
    2        0.0       0.0         0.0        0.0        0.0        0.0        0.0
    3        0.0       0.0         0.0        0.0        0.0        0.0        0.0
    4        0.0       0.0         0.0        0.0        0.0        0.0        0.0
    5        0.0       0.0         0.0        0.0        0.0        0.0        0.0
    6        0.0       0.0         0.0        0.0        0.0        0.0        0.0
    7        0.0       0.0         0.0        0.0        0.0        0.0        0.0
    8        0.0       0.0         0.0        0.0        0.0        0.0        0.0
    9        0.0       0.0         0.0        0.0        0.0        0.0        0.0
   10        0.0       1.0         0.0        0.0      237.0        0.0        0.0
   11        0.0       1.0         0.0        0.0      237.0        0.0        0.0
   12        0.0       0.0         0.0        0.0        0.0        0.0        0.0
   13        0.0       0.0         0.0        0.0        0.0        0.0        0.0
   14        0.0       0.0         0.0        0.0        0.0        0.0        0.0
   15        0.0       0.0         0.0        0.0        0.0        0.0        0.0
   16        0.0       0.0         0.0        0.0        0.0        0.0        0.0
   17        0.0       0.0         0.0        0.0        0.0        0.0        0.0
   18        0.0       0.0         0.0        0.0        0.0        0.0        0.0
   19        0.0       0.0         0.0        0.0        0.0        0.0        0.0
   20        0.0       0.0         0.0        2.0     1170.0        0.0        0.0
   21        0.0       0.0         0.0        0.0      537.0        0.0        0.0
   22        0.0       0.0         0.0        0.0        0.0        0.0        0.0
   23       17.0       0.0         0.0        0.0        0.0        0.0        0.0
   24        0.0       0.0         0.0        0.0        0.0        0.0        0.0
   25        0.0       0.0         0.0        7.0       48.0        0.0        0.0
   26        0.0       0.0         0.0        4.0        0.0        0.0        0.0
   27        0.0       0.0         0.0        2.0        0.0        0.0        0.0
   28        0.0       0.0         0.0        0.0        0.0        0.0        0.0
   29        0.0       0.0         0.0        0.0        0.0        0.0        0.0
   30        0.0       0.0         0.0        3.0      346.0        0.0        0.0
   31       41.0       0.0         0.0        2.0      688.0        0.0        0.0
   32        0.0       0.0         0.0        1.0       81.0        0.0        0.0
   33        0.0       0.0         0.0        0.0        0.0        0.0        0.0
   34        0.0       0.0         0.0        0.0        0.0        0.0        0.0
   35       19.0       0.0         0.0        3.0      180.0        0.0        0.0
   36        0.0       0.0         0.0        0.0        0.0        0.0        0.0
   37        0.0       0.0         0.0        0.0        0.0        0.0        0.0
   38       37.0       0.0         0.0        0.0     2181.0        0.0        0.0
   39        0.0       0.0         0.0        0.0     1297.0        0.0        0.0
   40        0.0       0.0         0.0        2.0        0.0        0.0        0.0
   41       80.0       0.0         0.0        0.0        0.0        0.0        0.0
   42       61.0       0.0         0.0        0.0        0.0        0.0        0.0
   43        5.0       0.0         0.0        1.0        0.0        0.0        0.0
   44       15.0       0.0         0.0        0.0        0.0        0.0        0.0
   45        0.0       0.0         0.0        0.0        0.0        0.0        0.0
   46        0.0       0.0         0.0        1.0        0.0        0.0        0.0
   47        0.0       0.0         0.0        1.0        0.0        0.0        0.0
   48       12.0       0.0         0.0        0.0        0.0        0.0        0.0
   49        2.0       0.0         0.0        0.0        5.0        0.0        0.0
TOTAL      299.0       4.0         0.0       38.0     8148.0        0.0        0.0

INFRAESTRUCTURA EN OPERACIÓN POR AÑO
--------------------------------------------------
 Año  Solar Peq  Solar Gr  Eólica Peq  Eólica Gr  Bat Litio  Bat Plomo  Bat Flujo
   0        0.0       0.0         0.0        0.0        0.0        0.0        0.0
   1       10.0       2.0         0.0        9.0     1141.0        0.0        0.0
   2       10.0       2.0         0.0        9.0     1141.0        0.0        0.0
   3       10.0       2.0         0.0        9.0     1141.0        0.0        0.0
   4       10.0       2.0         0.0        9.0     1141.0        0.0        0.0
   5       10.0       2.0         0.0        9.0     1141.0        0.0        0.0
   6       10.0       2.0         0.0        9.0     1141.0        0.0        0.0
   7       10.0       2.0         0.0        9.0     1141.0        0.0        0.0
   8       10.0       2.0         0.0        9.0     1141.0        0.0        0.0
   9       10.0       2.0         0.0        9.0     1141.0        0.0        0.0
  10       10.0       3.0         0.0        9.0     1378.0        0.0        0.0
  11       10.0       4.0         0.0        9.0     1615.0        0.0        0.0
  12       10.0       4.0         0.0        9.0     1615.0        0.0        0.0
  13       10.0       4.0         0.0        9.0     1615.0        0.0        0.0
  14       10.0       4.0         0.0        9.0     1615.0        0.0        0.0
  15       10.0       4.0         0.0        9.0     1615.0        0.0        0.0
  16       10.0       4.0         0.0        9.0     1615.0        0.0        0.0
  17       10.0       4.0         0.0        9.0     1615.0        0.0        0.0
  18       10.0       4.0         0.0        9.0     1615.0        0.0        0.0
  19       10.0       4.0         0.0        9.0     1615.0        0.0        0.0
  20       10.0       4.0         0.0       11.0     1939.0        0.0        0.0
  21       10.0       4.0         0.0       11.0     2181.0        0.0        0.0
  22       10.0       4.0         0.0       11.0     2181.0        0.0        0.0
  23       27.0       4.0         0.0       11.0     2181.0        0.0        0.0
  24       27.0       4.0         0.0       11.0     2181.0        0.0        0.0
  25       27.0       4.0         0.0       12.0     2229.0        0.0        0.0
  26       27.0       4.0         0.0       13.0     2229.0        0.0        0.0
  27       27.0       4.0         0.0       15.0     2229.0        0.0        0.0
  28       27.0       4.0         0.0       15.0     2229.0        0.0        0.0
  29       27.0       4.0         0.0       15.0     2229.0        0.0        0.0
  30       22.0       3.0         0.0       18.0     2338.0        0.0        0.0
  31       58.0       2.0         0.0       20.0     2789.0        0.0        0.0
  32       58.0       2.0         0.0       21.0     2870.0        0.0        0.0
  33       58.0       2.0         0.0       21.0     2870.0        0.0        0.0
  34       58.0       2.0         0.0       21.0     2870.0        0.0        0.0
  35       77.0       2.0         0.0       24.0     3050.0        0.0        0.0
  36       77.0       2.0         0.0       24.0     3050.0        0.0        0.0
  37       77.0       2.0         0.0       24.0     3050.0        0.0        0.0
  38      114.0       2.0         0.0       24.0     5231.0        0.0        0.0
  39      114.0       2.0         0.0       24.0     6528.0        0.0        0.0
  40      114.0       1.0         0.0       26.0     5358.0        0.0        0.0
  41      194.0       0.0         0.0       26.0     4821.0        0.0        0.0
  42      255.0       0.0         0.0       26.0     4821.0        0.0        0.0
  43      260.0       0.0         0.0       27.0     4821.0        0.0        0.0
  44      275.0       0.0         0.0       27.0     4821.0        0.0        0.0
  45      275.0       0.0         0.0       25.0     4773.0        0.0        0.0
  46      275.0       0.0         0.0       26.0     4773.0        0.0        0.0
  47      275.0       0.0         0.0       27.0     4773.0        0.0        0.0
  48      287.0       0.0         0.0       27.0     4773.0        0.0        0.0
  49      289.0       0.0         0.0       27.0     4778.0        0.0        0.0

 PRODUCCIÓN DE ENERGÍA VS DEMANDA
--------------------------------------------------
 Año Producción (kWh) Demanda (kWh) Cumplimiento
   0                0   158,314,691         0.0%
   1      219,355,000   163,681,559       134.0%
   2      219,355,000   169,230,364       129.6%
   3      219,355,000   174,967,273       125.4%
   4      219,355,000   180,898,664       121.3%
   5      219,355,000   187,031,128       117.3%
   6      219,355,000   193,371,484       113.4%
   7      219,355,000   199,926,777       109.7%
   8      219,355,000   206,704,295       106.1%
   9      219,355,000   213,711,570       102.6%
  10      259,169,000   220,956,393       117.3%
  11      298,983,000   228,446,814       130.9%
  12      298,983,000   236,191,161       126.6%
  13      298,983,000   244,198,042       122.4%
  14      298,983,000   252,476,355       118.4%
  15      298,983,000   261,035,304       114.5%
  16      298,983,000   269,884,401       110.8%
  17      298,983,000   279,033,482       107.1%
  18      298,983,000   288,492,717       103.6%
  19      298,983,000   298,272,620       100.2%
  20      332,983,000   308,384,062       108.0%
  21      332,983,000   318,838,281       104.4%
  22      332,983,000   329,646,899       101.0%
  23      355,542,000   340,821,929       104.3%
  24      355,542,000   352,375,792       100.9%
  25      365,542,000   364,321,332       100.3%
  26      382,542,000   376,671,825       101.6%
  27      416,542,000   389,441,000       107.0%
  28      416,542,000   402,643,050       103.5%
  29      416,542,000   416,292,649       100.1%
  30      444,136,000   430,404,970       103.2%
  31      486,094,000   444,995,698       109.2%
  32      503,094,000   460,081,052       109.3%
  33      503,094,000   475,677,800       105.8%
  34      503,094,000   491,803,278       102.3%
  35      568,807,000   508,475,409       111.9%
  36      568,807,000   525,712,725       108.2%
  37      568,807,000   543,534,386       104.6%
  38      617,906,000   561,960,202       110.0%
  39      617,906,000   581,010,653       106.4%
  40      605,092,000   600,706,914       100.7%
  41      671,438,000   621,070,878       108.1%
  42      752,385,000   642,125,181       117.2%
  43      772,520,000   663,893,225       116.4%
  44      792,425,000   686,399,205       115.4%
  45      758,425,000   709,668,138       106.9%
  46      775,425,000   733,725,888       105.7%
  47      792,425,000   758,599,196       104.5%
  48      808,349,000   784,315,708       103.1%
  49      811,003,000   810,904,011       100.0%

USO DE TERRENOS
--------------------------------------------------
 Año Terreno 0 - Uso Terreno 0 - Arrendado Terreno 1 - Uso Terreno 1 - Arrendado
   0          857 u.                    Sí            1 u.                    Sí
   1          863 u.                    Sí          603 u.                    Sí
   2          860 u.                    Sí          302 u.                    Sí
   3          860 u.                    Sí          302 u.                    Sí
   4          860 u.                    Sí          302 u.                    Sí
   5          860 u.                    Sí          302 u.                    Sí
   6          860 u.                    Sí          302 u.                    Sí
   7          860 u.                    Sí          302 u.                    Sí
   8          860 u.                    Sí          302 u.                    Sí
   9          860 u.                    Sí          302 u.                    Sí
  10          860 u.                    Sí          778 u.                    Sí
  11          860 u.                    Sí        1,016 u.                    Sí
  12          860 u.                    Sí          778 u.                    Sí
  13          860 u.                    Sí          778 u.                    Sí
  14          860 u.                    Sí          778 u.                    Sí
  15          860 u.                    Sí          778 u.                    Sí
  16          860 u.                    Sí          778 u.                    Sí
  17          860 u.                    Sí          778 u.                    Sí
  18          860 u.                    Sí          778 u.                    Sí
  19          860 u.                    Sí          778 u.                    Sí
  20        2,358 u.                    Sí          778 u.                    Sí
  21        1,186 u.                    Sí        1,557 u.                    Sí
  22        1,186 u.                    Sí        1,020 u.                    Sí
  23        1,186 u.                    Sí        1,054 u.                    Sí
  24        1,186 u.                    Sí        1,037 u.                    Sí
  25        1,190 u.                    Sí        1,137 u.                    Sí
  26        1,190 u.                    Sí        1,087 u.                    Sí
  27        1,190 u.                    Sí        1,087 u.                    Sí
  28        1,188 u.                    Sí        1,087 u.                    Sí
  29        1,188 u.                    Sí        1,087 u.                    Sí
  30        1,279 u.                    Sí        1,451 u.                    Sí
  31        1,559 u.                    Sí        2,041 u.                    Sí
  32        1,559 u.                    Sí        1,474 u.                    Sí
  33        1,477 u.                    Sí        1,474 u.                    Sí
  34        1,477 u.                    Sí        1,474 u.                    Sí
  35        1,875 u.                    Sí        1,480 u.                    Sí
  36        1,676 u.                    Sí        1,477 u.                    Sí
  37        1,676 u.                    Sí        1,477 u.                    Sí
  38        1,676 u.                    Sí        5,913 u.                    Sí
  39        4,270 u.                    Sí        3,695 u.                    Sí
  40        1,803 u.                    Sí        3,698 u.                    Sí
  41        1,803 u.                    Sí        3,318 u.                    Sí
  42        1,803 u.                    Sí        3,360 u.                    Sí
  43        1,803 u.                    Sí        3,311 u.                    Sí
  44        1,803 u.                    Sí        3,335 u.                    Sí
  45        1,801 u.                    Sí        3,272 u.                    Sí
  46        1,803 u.                    Sí        3,272 u.                    Sí
  47        1,804 u.                    Sí        3,272 u.                    Sí
  48        1,827 u.                    Sí        3,272 u.                    Sí
  49        1,829 u.                    Sí        3,272 u.                    Sí

ALMACENAMIENTO EN BATERÍAS (Día 1 de cada año)
--------------------------------------------------
 Año Capacidad Total Energía Almacenada Porcentaje Uso
   0           0 kWh              0 kWh           0.0%
   1     262,430 kWh        242,934 kWh          92.6%
   2     262,430 kWh        242,934 kWh          92.6%
   3     262,430 kWh        242,934 kWh          92.6%
   4     262,430 kWh        242,934 kWh          92.6%
   5     262,430 kWh        242,934 kWh          92.6%
   6     262,430 kWh        242,934 kWh          92.6%
   7     262,430 kWh        242,934 kWh          92.6%
   8     262,430 kWh        242,934 kWh          92.6%
   9     262,430 kWh        242,934 kWh          92.6%
  10     316,940 kWh        316,940 kWh         100.0%
  11     371,450 kWh        371,450 kWh         100.0%
  12     371,450 kWh        371,450 kWh         100.0%
  13     371,450 kWh        371,450 kWh         100.0%
  14     371,450 kWh        371,450 kWh         100.0%
  15     371,450 kWh        371,450 kWh         100.0%
  16     371,450 kWh        371,450 kWh         100.0%
  17     371,450 kWh        371,450 kWh         100.0%
  18     371,450 kWh        371,450 kWh         100.0%
  19     371,450 kWh        371,450 kWh         100.0%
  20     445,970 kWh        445,970 kWh         100.0%
  21     501,630 kWh        501,630 kWh         100.0%
  22     501,630 kWh        501,630 kWh         100.0%
  23     501,630 kWh        501,630 kWh         100.0%
  24     501,630 kWh        501,630 kWh         100.0%
  25     512,670 kWh        512,670 kWh         100.0%
  26     512,670 kWh        512,670 kWh         100.0%
  27     512,670 kWh        102,534 kWh          20.0%
  28     512,670 kWh        102,534 kWh          20.0%
  29     512,670 kWh        102,534 kWh          20.0%
  30     537,740 kWh        107,548 kWh          20.0%
  31     641,470 kWh        128,294 kWh          20.0%
  32     660,100 kWh        132,020 kWh          20.0%
  33     660,100 kWh        132,020 kWh          20.0%
  34     660,100 kWh        132,020 kWh          20.0%
  35     701,500 kWh        140,300 kWh          20.0%
  36     701,500 kWh        140,300 kWh          20.0%
  37     701,500 kWh        140,300 kWh          20.0%
  38   1,203,130 kWh      1,203,130 kWh         100.0%
  39   1,501,440 kWh      1,501,440 kWh         100.0%
  40   1,232,340 kWh      1,232,340 kWh         100.0%
  41   1,108,830 kWh        221,766 kWh          20.0%
  42   1,108,830 kWh        221,766 kWh          20.0%
  43   1,108,830 kWh        221,766 kWh          20.0%
  44   1,108,830 kWh        221,766 kWh          20.0%
  45   1,097,790 kWh        219,558 kWh          20.0%
  46   1,097,790 kWh        219,558 kWh          20.0%
  47   1,097,790 kWh        219,558 kWh          20.0%
  48   1,097,790 kWh        219,558 kWh          20.0%
  49   1,098,940 kWh        219,788 kWh          20.0%

DIVERSIFICACIÓN ENERGÉTICA (Año 10)
--------------------------------------------------
• Producción Solar: 106,169,000 kWh (41.0%)
• Producción Eólica: 153,000,000 kWh (59.0%)

INVERSIÓN POR TIPO DE TECNOLOGÍA
--------------------------------------------------
• Solar Peq: $28,135,900 (8.4%)
• Solar Gr: $9,252,000 (2.8%)
• Eólica Peq: $0 (0.0%)
• Eólica Gr: $283,860,000 (85.0%)
• Bat Litio: $12,678,288 (3.8%)
• Bat Plomo: $0 (0.0%)
• Bat Flujo: $0 (0.0%)

VERIFICACIÓN DE FACTIBILIDAD
--------------------------------------------------
• Presupuesto: $334,193,488 / $334,798,282
• Año 3: Producción 219,355,000 ≥ Demanda 174,967,273
• Año 10: Producción 259,169,000 ≥ Demanda 220,956,393
• Año 15: Producción 298,983,000 ≥ Demanda 261,035,304
• Terreno 0, Año 0: 262,454/500,000 u²
• Terreno 0, Año 10: 338,204/500,000 u²
• Terreno 0, Año 15: 338,204/500,000 u²
• Terreno 1, Año 0: 1,000/500,000 u²
• Terreno 1, Año 10: 326,331/500,000 u²
• Terreno 1, Año 15: 326,331/500,000 u²

RECOMENDACIONES ESTRATÉGICAS
--------------------------------------------------
• Tecnología más construída: Batería Litio
• Total unidades: 8148.0
• Años de primera construcción:
  - Solar Pequeña: Año 0
  - Solar Grande: Año 0
  - Eólica Grande: Año 0
  - Batería Litio: Año 0

================================================================================
ANÁLISIS COMPLETADO EXITOSAMENTE
================================================================================
