
================================================================================
ANÁLISIS COMPLETO DE RESULTADOS
================================================================================

RESUMEN EJECUTIVO
--------------------------------------------------
• Inversión total infraestructura: $359,489,820 USD
• Costo arriendo total: $267,300 USD
• Emisiones totales de CO2: 1,375,946,040 kgCO2
• Energía total producida: 20,061,326,430 kWh
• Presupuesto utilizado: 99.9%

INFRAESTRUCTURA CONSTRUIDA POR AÑO
--------------------------------------------------
  Año  Solar Peq  Solar Gr  Eólica Peq  Eólica Gr  Bat Litio  Bat Plomo  Bat Flujo
    0        0.0       2.0         0.0        0.0      603.0        0.0        0.0
    1        0.0       0.0         0.0        9.0      568.0        0.0        0.0
    2        0.0       0.0         0.0        0.0        0.0        0.0        0.0
    3        0.0       0.0         0.0        0.0        0.0        0.0        0.0
    4        0.0       0.0         0.0        0.0        0.0        0.0        0.0
    5        0.0       0.0         0.0        0.0        0.0        0.0        0.0
    6        0.0       0.0         0.0        0.0        0.0        0.0        0.0
    7        0.0       0.0         0.0        0.0        0.0        0.0        0.0
    8        0.0       0.0         0.0        0.0        0.0        0.0        0.0
    9        0.0       0.0         0.0        0.0        0.0        0.0        0.0
   10        0.0       1.0         0.0        4.0      562.0        0.0        0.0
   11        0.0       0.0         0.0        0.0        0.0        0.0        0.0
   12        0.0       0.0         0.0        0.0        0.0        0.0        0.0
   13        0.0       0.0         0.0        0.0        0.0        0.0        0.0
   14        0.0       0.0         0.0        0.0        0.0        0.0        0.0
   15        0.0       0.0         0.0        0.0        0.0        0.0        0.0
   16        0.0       0.0         0.0        1.0       64.0        0.0        0.0
   17        0.0       0.0         0.0        0.0        0.0        0.0        0.0
   18        0.0       0.0         0.0        0.0        0.0        0.0        0.0
   19        0.0       0.0         0.0        0.0      603.0        0.0        0.0
   20        0.0       0.0         0.0        0.0        0.0        0.0        0.0
   21        0.0       0.0         0.0        0.0      858.0        0.0        0.0
   22        0.0       0.0         0.0        0.0        0.0        0.0        0.0
   23        0.0       0.0         0.0        0.0        0.0        0.0        0.0
   24        5.0       0.0         0.0        0.0       64.0        0.0        0.0
   25        0.0       0.0         0.0        1.0        0.0        0.0        0.0
   26        0.0       0.0         0.0       10.0        0.0        0.0        0.0
   27        0.0       0.0         0.0        1.0        0.0        0.0        0.0
   28        0.0       0.0         0.0        1.0        0.0        0.0        0.0
   29        0.0       0.0         0.0        0.0        0.0        0.0        0.0
   30       73.0       0.0         0.0        1.0     3710.0        0.0        0.0
   31        0.0       0.0         0.0        0.0        0.0        0.0        0.0
   32      116.0       0.0         0.0        2.0        0.0        0.0        0.0
   33        0.0       0.0         0.0        1.0        0.0        0.0        0.0
   34        0.0       0.0         0.0        0.0        0.0        0.0        0.0
   35        0.0       0.0         0.0        2.0        0.0        0.0        0.0
   36        0.0       0.0         0.0        1.0        0.0        0.0        0.0
   37        0.0       0.0         0.0        1.0        0.0        0.0        0.0
   38       12.0       0.0         0.0        0.0        0.0        0.0        0.0
   39        0.0       0.0         0.0        0.0        0.0        0.0        0.0
   40        1.0       0.0         0.0        0.0        0.0        0.0        0.0
   41        0.0       0.0         0.0        0.0      858.0        0.0        0.0
   42       46.0       0.0         0.0        0.0        0.0        0.0        0.0
   43        0.0       0.0         0.0        0.0        0.0        0.0        0.0
   44        0.0       0.0         0.0        4.0        0.0        0.0        0.0
   45        0.0       0.0         0.0        2.0        0.0        0.0        0.0
   46        0.0       0.0         0.0        1.0        0.0        0.0        0.0
   47        4.0       0.0         0.0        0.0       38.0        0.0        0.0
   48       11.0       0.0         0.0        0.0       38.0        0.0        0.0
   49       11.0       0.0         0.0        0.0      104.0        0.0        0.0
TOTAL      279.0       3.0         0.0       42.0     8070.0        0.0        0.0

INFRAESTRUCTURA EN OPERACIÓN POR AÑO
--------------------------------------------------
 Año  Solar Peq  Solar Gr  Eólica Peq  Eólica Gr  Bat Litio  Bat Plomo  Bat Flujo
   0        0.0       0.0         0.0        0.0        0.0        0.0        0.0
   1        0.0       2.0         0.0        9.0     1171.0        0.0        0.0
   2        0.0       2.0         0.0        9.0     1171.0        0.0        0.0
   3        0.0       2.0         0.0        9.0     1171.0        0.0        0.0
   4        0.0       2.0         0.0        9.0     1171.0        0.0        0.0
   5        0.0       2.0         0.0        9.0     1171.0        0.0        0.0
   6        0.0       2.0         0.0        9.0     1171.0        0.0        0.0
   7        0.0       2.0         0.0        9.0     1171.0        0.0        0.0
   8        0.0       2.0         0.0        9.0     1171.0        0.0        0.0
   9        0.0       2.0         0.0        9.0     1171.0        0.0        0.0
  10        0.0       3.0         0.0       13.0     1733.0        0.0        0.0
  11        0.0       3.0         0.0       13.0     1733.0        0.0        0.0
  12        0.0       3.0         0.0       13.0     1733.0        0.0        0.0
  13        0.0       3.0         0.0       13.0     1733.0        0.0        0.0
  14        0.0       3.0         0.0       13.0     1733.0        0.0        0.0
  15        0.0       3.0         0.0       13.0     1733.0        0.0        0.0
  16        0.0       3.0         0.0       14.0     1797.0        0.0        0.0
  17        0.0       3.0         0.0       14.0     1797.0        0.0        0.0
  18        0.0       3.0         0.0       14.0     1797.0        0.0        0.0
  19        0.0       3.0         0.0       14.0     2400.0        0.0        0.0
  20        0.0       3.0         0.0       14.0     1797.0        0.0        0.0
  21        0.0       3.0         0.0       14.0     2087.0        0.0        0.0
  22        0.0       3.0         0.0       14.0     2087.0        0.0        0.0
  23        0.0       3.0         0.0       14.0     2087.0        0.0        0.0
  24        5.0       3.0         0.0       14.0     2151.0        0.0        0.0
  25        5.0       3.0         0.0       15.0     2151.0        0.0        0.0
  26        5.0       3.0         0.0       16.0     2151.0        0.0        0.0
  27        5.0       3.0         0.0       17.0     2151.0        0.0        0.0
  28        5.0       3.0         0.0       18.0     2151.0        0.0        0.0
  29        5.0       3.0         0.0       18.0     2151.0        0.0        0.0
  30       78.0       1.0         0.0       19.0     5299.0        0.0        0.0
  31       78.0       1.0         0.0       19.0     5299.0        0.0        0.0
  32      194.0       1.0         0.0       21.0     5299.0        0.0        0.0
  33      194.0       1.0         0.0       22.0     5299.0        0.0        0.0
  34      194.0       1.0         0.0       22.0     5299.0        0.0        0.0
  35      194.0       1.0         0.0       20.0     5299.0        0.0        0.0
  36      194.0       1.0         0.0       21.0     5235.0        0.0        0.0
  37      194.0       1.0         0.0       22.0     5235.0        0.0        0.0
  38      206.0       1.0         0.0       22.0     5235.0        0.0        0.0
  39      206.0       1.0         0.0       22.0     4632.0        0.0        0.0
  40      207.0       0.0         0.0       22.0     4632.0        0.0        0.0
  41      207.0       0.0         0.0       21.0     4632.0        0.0        0.0
  42      253.0       0.0         0.0       21.0     4632.0        0.0        0.0
  43      253.0       0.0         0.0       21.0     4632.0        0.0        0.0
  44      253.0       0.0         0.0       25.0     4568.0        0.0        0.0
  45      253.0       0.0         0.0       27.0     4568.0        0.0        0.0
  46      253.0       0.0         0.0       28.0     4568.0        0.0        0.0
  47      257.0       0.0         0.0       28.0     4606.0        0.0        0.0
  48      268.0       0.0         0.0       28.0     4644.0        0.0        0.0
  49      279.0       0.0         0.0       28.0     4748.0        0.0        0.0

 PRODUCCIÓN DE ENERGÍA VS DEMANDA
--------------------------------------------------
 Año Producción (kWh) Demanda (kWh) Cumplimiento
   0                0   158,314,691         0.0%
   1      225,628,000   163,681,559       137.8%
   2      225,628,000   169,230,364       133.3%
   3      225,628,000   174,967,273       129.0%
   4      225,628,000   180,898,664       124.7%
   5      225,628,000   187,031,128       120.6%
   6      225,628,000   193,371,484       116.7%
   7      225,628,000   199,926,777       112.9%
   8      225,628,000   206,704,295       109.2%
   9      225,628,000   213,711,570       105.6%
  10      333,442,000   220,956,393       150.9%
  11      333,442,000   228,446,814       146.0%
  12      333,442,000   236,191,161       141.2%
  13      333,442,000   244,198,042       136.5%
  14      333,442,000   252,476,355       132.1%
  15      333,442,000   261,035,304       127.7%
  16      346,942,000   269,884,401       128.6%
  17      346,942,000   279,033,482       124.3%
  18      346,942,000   288,492,717       120.3%
  19      346,942,000   298,272,620       116.3%
  20      346,942,000   308,384,062       112.5%
  21      346,942,000   318,838,281       108.8%
  22      346,942,000   329,646,899       105.2%
  23      346,942,000   340,821,929       101.8%
  24      353,577,000   352,375,792       100.3%
  25      370,577,000   364,321,332       101.7%
  26      384,077,000   376,671,825       102.0%
  27      401,077,000   389,441,000       103.0%
  28      418,077,000   402,643,050       103.8%
  29      418,077,000   416,292,649       100.4%
  30      452,320,000   430,404,970       105.1%
  31      452,320,000   444,995,698       101.6%
  32      640,252,000   460,081,052       139.2%
  33      657,252,000   475,677,800       138.2%
  34      657,252,000   491,803,278       133.6%
  35      623,252,000   508,475,409       122.6%
  36      640,252,000   525,712,725       121.8%
  37      657,252,000   543,534,386       120.9%
  38      673,176,000   561,960,202       119.8%
  39      673,176,000   581,010,653       115.9%
  40      634,689,000   600,706,914       105.7%
  41      621,189,000   621,070,878       100.0%
  42      682,231,000   642,125,181       106.2%
  43      682,231,000   663,893,225       102.8%
  44      736,231,000   686,399,205       107.3%
  45      763,231,000   709,668,138       107.5%
  46      776,731,000   733,725,888       105.9%
  47      782,039,000   758,599,196       103.1%
  48      796,636,000   784,315,708       101.6%
  49      811,233,000   810,904,011       100.0%

USO DE TERRENOS
--------------------------------------------------
 Año Terreno 0 - Uso Terreno 0 - Arrendado Terreno 1 - Uso Terreno 1 - Arrendado
   0            0 u.                    Sí          605 u.                    Sí
   1        1,150 u.                    Sí          609 u.                    Sí
   2          575 u.                    Sí          607 u.                    Sí
   3          575 u.                    Sí          607 u.                    Sí
   4          575 u.                    Sí          607 u.                    Sí
   5          575 u.                    Sí          607 u.                    Sí
   6          575 u.                    Sí          607 u.                    Sí
   7          575 u.                    Sí          607 u.                    Sí
   8          575 u.                    Sí          607 u.                    Sí
   9          575 u.                    Sí          607 u.                    Sí
  10        1,231 u.                    Sí        1,085 u.                    Sí
  11          903 u.                    Sí          846 u.                    Sí
  12          903 u.                    Sí          846 u.                    Sí
  13          903 u.                    Sí          846 u.                    Sí
  14          903 u.                    Sí          846 u.                    Sí
  15          903 u.                    Sí          846 u.                    Sí
  16          903 u.                    Sí          976 u.                    Sí
  17          903 u.                    Sí          911 u.                    Sí
  18          903 u.                    Sí          911 u.                    Sí
  19          903 u.                    Sí        2,117 u.                    Sí
  20          903 u.                    Sí          911 u.                    Sí
  21        2,051 u.                    Sí          911 u.                    Sí
  22        1,193 u.                    Sí          911 u.                    Sí
  23        1,193 u.                    Sí          911 u.                    Sí
  24        1,203 u.                    Sí        1,039 u.                    Sí
  25        1,200 u.                    Sí          975 u.                    Sí
  26        1,206 u.                    Sí          979 u.                    Sí
  27        1,201 u.                    Sí          976 u.                    Sí
  28        1,202 u.                    Sí          976 u.                    Sí
  29        1,201 u.                    Sí          976 u.                    Sí
  30        2,715 u.                    Sí        6,466 u.                    Sí
  31        1,796 u.                    Sí        3,601 u.                    Sí
  32        1,800 u.                    Sí        3,833 u.                    Sí
  33        1,800 u.                    Sí        3,717 u.                    Sí
  34        1,799 u.                    Sí        3,717 u.                    Sí
  35        1,799 u.                    Sí        3,717 u.                    Sí
  36        1,799 u.                    Sí        3,653 u.                    Sí
  37        1,800 u.                    Sí        3,653 u.                    Sí
  38        1,823 u.                    Sí        3,653 u.                    Sí
  39        1,811 u.                    Sí        3,050 u.                    Sí
  40        1,813 u.                    Sí        3,049 u.                    Sí
  41        2,670 u.                    Sí        3,048 u.                    Sí
  42        1,812 u.                    Sí        3,140 u.                    Sí
  43        1,812 u.                    Sí        3,094 u.                    Sí
  44        1,812 u.                    Sí        3,038 u.                    Sí
  45        1,812 u.                    Sí        3,038 u.                    Sí
  46        1,812 u.                    Sí        3,038 u.                    Sí
  47        1,896 u.                    Sí        3,037 u.                    Sí
  48        1,938 u.                    Sí        3,051 u.                    Sí
  49        1,938 u.                    Sí        3,232 u.                    Sí

ALMACENAMIENTO EN BATERÍAS (Día 1 de cada año)
--------------------------------------------------
 Año Capacidad Total Energía Almacenada Porcentaje Uso
   0           0 kWh              0 kWh           0.0%
   1     269,330 kWh        242,771 kWh          90.1%
   2     269,330 kWh        242,771 kWh          90.1%
   3     269,330 kWh        242,771 kWh          90.1%
   4     269,330 kWh        242,771 kWh          90.1%
   5     269,330 kWh        242,771 kWh          90.1%
   6     269,330 kWh        242,771 kWh          90.1%
   7     269,330 kWh        242,771 kWh          90.1%
   8     269,330 kWh        242,771 kWh          90.1%
   9     269,330 kWh        242,771 kWh          90.1%
  10     398,590 kWh        398,590 kWh         100.0%
  11     398,590 kWh        398,590 kWh         100.0%
  12     398,590 kWh        398,590 kWh         100.0%
  13     398,590 kWh        398,590 kWh         100.0%
  14     398,590 kWh        398,590 kWh         100.0%
  15     398,590 kWh        398,590 kWh         100.0%
  16     413,310 kWh        413,310 kWh         100.0%
  17     413,310 kWh        413,310 kWh         100.0%
  18     413,310 kWh        413,310 kWh         100.0%
  19     552,000 kWh        552,000 kWh         100.0%
  20     413,310 kWh        413,310 kWh         100.0%
  21     480,010 kWh        480,010 kWh         100.0%
  22     480,010 kWh        480,010 kWh         100.0%
  23     480,010 kWh        480,010 kWh         100.0%
  24     494,730 kWh        494,730 kWh         100.0%
  25     494,730 kWh        494,730 kWh         100.0%
  26     494,730 kWh        494,730 kWh         100.0%
  27     494,730 kWh         98,946 kWh          20.0%
  28     494,730 kWh         98,946 kWh          20.0%
  29     494,730 kWh         98,946 kWh          20.0%
  30   1,218,770 kWh        243,754 kWh          20.0%
  31   1,218,770 kWh        243,754 kWh          20.0%
  32   1,218,770 kWh      1,218,770 kWh         100.0%
  33   1,218,770 kWh      1,218,770 kWh         100.0%
  34   1,218,770 kWh      1,218,770 kWh         100.0%
  35   1,218,770 kWh      1,218,770 kWh         100.0%
  36   1,204,050 kWh      1,204,050 kWh         100.0%
  37   1,204,050 kWh      1,204,050 kWh         100.0%
  38   1,204,050 kWh        240,810 kWh          20.0%
  39   1,065,360 kWh        213,072 kWh          20.0%
  40   1,065,360 kWh        213,072 kWh          20.0%
  41   1,065,360 kWh        213,072 kWh          20.0%
  42   1,065,360 kWh        213,072 kWh          20.0%
  43   1,065,360 kWh        213,072 kWh          20.0%
  44   1,050,640 kWh        210,128 kWh          20.0%
  45   1,050,640 kWh        210,128 kWh          20.0%
  46   1,050,640 kWh        210,128 kWh          20.0%
  47   1,059,380 kWh        211,876 kWh          20.0%
  48   1,068,120 kWh        213,624 kWh          20.0%
  49   1,092,040 kWh        218,408 kWh          20.0%

DIVERSIFICACIÓN ENERGÉTICA (Año 10)
--------------------------------------------------
• Producción Solar: 119,442,000 kWh (35.8%)
• Producción Eólica: 214,000,000 kWh (64.2%)

INVERSIÓN POR TIPO DE TECNOLOGÍA
--------------------------------------------------
• Solar Peq: $26,253,900 (7.3%)
• Solar Gr: $6,939,000 (1.9%)
• Eólica Peq: $0 (0.0%)
• Eólica Gr: $313,740,000 (87.3%)
• Bat Litio: $12,556,920 (3.5%)
• Bat Plomo: $0 (0.0%)
• Bat Flujo: $0 (0.0%)

VERIFICACIÓN DE FACTIBILIDAD
--------------------------------------------------
• Presupuesto: $359,757,120 / $360,000,000
• Año 3: Producción 225,628,000 ≥ Demanda 174,967,273
• Año 10: Producción 333,442,000 ≥ Demanda 220,956,393
• Año 15: Producción 333,442,000 ≥ Demanda 261,035,304
• Terreno 0, Año 0: 0/500,000 u²
• Terreno 0, Año 10: 379,115/500,000 u²
• Terreno 0, Año 15: 278,018/500,000 u²
• Terreno 1, Año 0: 213,581/500,000 u²
• Terreno 1, Año 10: 477,624/500,000 u²
• Terreno 1, Año 15: 370,852/500,000 u²

RECOMENDACIONES ESTRATÉGICAS
--------------------------------------------------
• Tecnología más construída: Batería Litio
• Total unidades: 8070.0
• Años de primera construcción:
  - Solar Pequeña: Año 24
  - Solar Grande: Año 0
  - Eólica Grande: Año 1
  - Batería Litio: Año 0

================================================================================
ANÁLISIS COMPLETADO EXITOSAMENTE
================================================================================
