
================================================================================
ANÁLISIS COMPLETO DE RESULTADOS
================================================================================

RESUMEN EJECUTIVO
--------------------------------------------------
• Inversión total infraestructura: $376,688,360 USD
• Costo arriendo total: $267,300 USD
• Emisiones totales de CO2: 1,370,777,080 kgCO2
• Energía total producida: 20,061,326,430 kWh
• Presupuesto utilizado: 93.1%

INFRAESTRUCTURA CONSTRUIDA POR AÑO
--------------------------------------------------
  Año  Solar Peq  Solar Gr  Eólica Peq  Eólica Gr  Bat Litio  Bat Plomo  Bat Flujo
    0        0.0       3.0         0.0        6.0     1123.0        0.0        0.0
    1        0.0       0.0         0.0        4.0        0.0        0.0        0.0
    2        0.0       0.0         0.0        0.0        0.0        0.0        0.0
    3        0.0       0.0         0.0        0.0        0.0        0.0        0.0
    4        0.0       0.0         0.0        0.0        0.0        0.0        0.0
    5        0.0       0.0         0.0        0.0        0.0        0.0        0.0
    6        0.0       0.0         0.0        0.0        0.0        0.0        0.0
    7        0.0       0.0         0.0        0.0        0.0        0.0        0.0
    8        0.0       0.0         0.0        0.0        0.0        0.0        0.0
    9        0.0       0.0         0.0        0.0        0.0        0.0        0.0
   10        0.0       1.0         0.0        1.0     1384.0        0.0        0.0
   11        0.0       0.0         0.0        0.0        0.0        0.0        0.0
   12        0.0       0.0         0.0        0.0        0.0        0.0        0.0
   13        0.0       0.0         0.0        0.0        0.0        0.0        0.0
   14        0.0       0.0         0.0        0.0        0.0        0.0        0.0
   15        0.0       0.0         0.0        1.0        0.0        0.0        0.0
   16        0.0       0.0         0.0        0.0        0.0        0.0        0.0
   17        0.0       0.0         0.0        2.0      559.0        0.0        0.0
   18        0.0       0.0         0.0        0.0        0.0        0.0        0.0
   19        0.0       0.0         0.0        0.0        0.0        0.0        0.0
   20        0.0       0.0         0.0        1.0        0.0        0.0        0.0
   21        4.0       0.0         0.0        1.0        0.0        0.0        0.0
   22        0.0       0.0         0.0        0.0        0.0        0.0        0.0
   23        0.0       0.0         0.0        0.0        0.0        0.0        0.0
   24        3.0       0.0         0.0        0.0       92.0        0.0        0.0
   25        2.0       0.0         0.0        6.0        0.0        0.0        0.0
   26        1.0       0.0         0.0        5.0      129.0        0.0        0.0
   27        0.0       0.0         0.0        1.0        0.0        0.0        0.0
   28        5.0       0.0         0.0        1.0        0.0        0.0        0.0
   29        0.0       0.0         0.0        0.0        0.0        0.0        0.0
   30       81.0       0.0         0.0        0.0     2595.0        0.0        0.0
   31        0.0       0.0         0.0        0.0        0.0        0.0        0.0
   32        0.0       0.0         0.0        1.0        0.0        0.0        0.0
   33        0.0       0.0         0.0        0.0     1711.0        0.0        0.0
   34       40.0       0.0         0.0        0.0        0.0        0.0        0.0
   35        0.0       0.0         0.0        3.0        0.0        0.0        0.0
   36       20.0       0.0         0.0        3.0        0.0        0.0        0.0
   37        0.0       0.0         0.0        0.0        0.0        0.0        0.0
   38       10.0       0.0         0.0        0.0        0.0        0.0        0.0
   39        5.0       0.0         0.0        0.0        0.0        0.0        0.0
   40        0.0       0.0         0.0        2.0        0.0        0.0        0.0
   41       48.0       0.0         0.0        0.0        0.0        0.0        0.0
   42        0.0       0.0         0.0        2.0        0.0        0.0        0.0
   43        0.0       0.0         0.0        1.0        0.0        0.0        0.0
   44        7.0       0.0         0.0        1.0        0.0        0.0        0.0
   45       16.0       0.0         0.0        1.0      152.0        0.0        0.0
   46        8.0       0.0         0.0        1.0      205.0        0.0        0.0
   47       16.0       0.0         0.0        0.0       38.0        0.0        0.0
   48        8.0       0.0         0.0        0.0        0.0        0.0        0.0
   49        5.0       0.0         0.0        0.0       47.0        0.0        0.0
TOTAL      279.0       4.0         0.0       44.0     8035.0        0.0        0.0

INFRAESTRUCTURA EN OPERACIÓN POR AÑO
--------------------------------------------------
 Año  Solar Peq  Solar Gr  Eólica Peq  Eólica Gr  Bat Litio  Bat Plomo  Bat Flujo
   0        0.0       0.0         0.0        0.0        0.0        0.0        0.0
   1        0.0       3.0         0.0       10.0     1123.0        0.0        0.0
   2        0.0       3.0         0.0       10.0     1123.0        0.0        0.0
   3        0.0       3.0         0.0       10.0     1123.0        0.0        0.0
   4        0.0       3.0         0.0       10.0     1123.0        0.0        0.0
   5        0.0       3.0         0.0       10.0     1123.0        0.0        0.0
   6        0.0       3.0         0.0       10.0     1123.0        0.0        0.0
   7        0.0       3.0         0.0       10.0     1123.0        0.0        0.0
   8        0.0       3.0         0.0       10.0     1123.0        0.0        0.0
   9        0.0       3.0         0.0       10.0     1123.0        0.0        0.0
  10        0.0       4.0         0.0       11.0     2507.0        0.0        0.0
  11        0.0       4.0         0.0       11.0     2507.0        0.0        0.0
  12        0.0       4.0         0.0       11.0     2507.0        0.0        0.0
  13        0.0       4.0         0.0       11.0     2507.0        0.0        0.0
  14        0.0       4.0         0.0       11.0     2507.0        0.0        0.0
  15        0.0       4.0         0.0       12.0     2507.0        0.0        0.0
  16        0.0       4.0         0.0       12.0     2507.0        0.0        0.0
  17        0.0       4.0         0.0       14.0     3066.0        0.0        0.0
  18        0.0       4.0         0.0       14.0     3066.0        0.0        0.0
  19        0.0       4.0         0.0       14.0     3066.0        0.0        0.0
  20        0.0       4.0         0.0       15.0     1943.0        0.0        0.0
  21        4.0       4.0         0.0       16.0     1943.0        0.0        0.0
  22        4.0       4.0         0.0       16.0     1943.0        0.0        0.0
  23        4.0       4.0         0.0       16.0     1943.0        0.0        0.0
  24        7.0       4.0         0.0       16.0     2035.0        0.0        0.0
  25        9.0       4.0         0.0       16.0     2035.0        0.0        0.0
  26       10.0       4.0         0.0       17.0     2164.0        0.0        0.0
  27       10.0       4.0         0.0       18.0     2164.0        0.0        0.0
  28       15.0       4.0         0.0       19.0     2164.0        0.0        0.0
  29       15.0       4.0         0.0       19.0     2164.0        0.0        0.0
  30       96.0       1.0         0.0       19.0     3375.0        0.0        0.0
  31       96.0       1.0         0.0       19.0     3375.0        0.0        0.0
  32       96.0       1.0         0.0       20.0     3375.0        0.0        0.0
  33       96.0       1.0         0.0       20.0     5086.0        0.0        0.0
  34      136.0       1.0         0.0       20.0     5086.0        0.0        0.0
  35      136.0       1.0         0.0       22.0     5086.0        0.0        0.0
  36      156.0       1.0         0.0       25.0     5086.0        0.0        0.0
  37      156.0       1.0         0.0       25.0     4527.0        0.0        0.0
  38      166.0       1.0         0.0       25.0     4527.0        0.0        0.0
  39      171.0       1.0         0.0       25.0     4527.0        0.0        0.0
  40      171.0       0.0         0.0       26.0     4527.0        0.0        0.0
  41      219.0       0.0         0.0       26.0     4527.0        0.0        0.0
  42      219.0       0.0         0.0       26.0     4527.0        0.0        0.0
  43      219.0       0.0         0.0       27.0     4527.0        0.0        0.0
  44      226.0       0.0         0.0       28.0     4435.0        0.0        0.0
  45      242.0       0.0         0.0       28.0     4587.0        0.0        0.0
  46      250.0       0.0         0.0       28.0     4663.0        0.0        0.0
  47      266.0       0.0         0.0       28.0     4701.0        0.0        0.0
  48      274.0       0.0         0.0       28.0     4701.0        0.0        0.0
  49      279.0       0.0         0.0       28.0     4748.0        0.0        0.0

 PRODUCCIÓN DE ENERGÍA VS DEMANDA
--------------------------------------------------
 Año Producción (kWh) Demanda (kWh) Cumplimiento
   0                0   158,314,691         0.0%
   1      218,856,000   163,681,559       133.7%
   2      218,856,000   169,230,364       129.3%
   3      218,856,000   174,967,273       125.1%
   4      218,856,000   180,898,664       121.0%
   5      218,856,000   187,031,128       117.0%
   6      218,856,000   193,371,484       113.2%
   7      218,856,000   199,926,777       109.5%
   8      218,856,000   206,704,295       105.9%
   9      218,856,000   213,711,570       102.4%
  10      272,170,000   220,956,393       123.2%
  11      272,170,000   228,446,814       119.1%
  12      272,170,000   236,191,161       115.2%
  13      272,170,000   244,198,042       111.5%
  14      272,170,000   252,476,355       107.8%
  15      289,170,000   261,035,304       110.8%
  16      289,170,000   269,884,401       107.1%
  17      323,170,000   279,033,482       115.8%
  18      323,170,000   288,492,717       112.0%
  19      323,170,000   298,272,620       108.3%
  20      340,170,000   308,384,062       110.3%
  21      362,478,000   318,838,281       113.7%
  22      362,478,000   329,646,899       110.0%
  23      362,478,000   340,821,929       106.4%
  24      366,459,000   352,375,792       104.0%
  25      365,613,000   364,321,332       100.4%
  26      380,440,000   376,671,825       101.0%
  27      397,440,000   389,441,000       102.1%
  28      417,575,000   402,643,050       103.7%
  29      417,575,000   416,292,649       100.3%
  30      458,706,000   430,404,970       106.6%
  31      458,706,000   444,995,698       103.1%
  32      475,706,000   460,081,052       103.4%
  33      475,706,000   475,677,800       100.0%
  34      528,786,000   491,803,278       107.5%
  35      562,786,000   508,475,409       110.7%
  36      640,326,000   525,712,725       121.8%
  37      640,326,000   543,534,386       117.8%
  38      653,596,000   561,960,202       116.3%
  39      660,231,000   581,010,653       113.6%
  40      637,417,000   600,706,914       106.1%
  41      701,113,000   621,070,878       112.9%
  42      701,113,000   642,125,181       109.2%
  43      718,113,000   663,893,225       108.2%
  44      740,902,000   686,399,205       107.9%
  45      762,134,000   709,668,138       107.4%
  46      772,750,000   733,725,888       105.3%
  47      793,982,000   758,599,196       104.7%
  48      804,598,000   784,315,708       102.6%
  49      811,233,000   810,904,011       100.0%

USO DE TERRENOS
--------------------------------------------------
 Año Terreno 0 - Uso Terreno 0 - Arrendado Terreno 1 - Uso Terreno 1 - Arrendado
   0          569 u.                    Sí          563 u.                    Sí
   1          573 u.                    Sí          567 u.                    Sí
   2          571 u.                    Sí          565 u.                    Sí
   3          571 u.                    Sí          565 u.                    Sí
   4          571 u.                    Sí          565 u.                    Sí
   5          571 u.                    Sí          565 u.                    Sí
   6          571 u.                    Sí          565 u.                    Sí
   7          571 u.                    Sí          565 u.                    Sí
   8          571 u.                    Sí          565 u.                    Sí
   9          571 u.                    Sí          565 u.                    Sí
  10        2,735 u.                    Sí        1,173 u.                    Sí
  11        1,653 u.                    Sí          869 u.                    Sí
  12        1,653 u.                    Sí          869 u.                    Sí
  13        1,653 u.                    Sí          869 u.                    Sí
  14        1,653 u.                    Sí          869 u.                    Sí
  15        1,655 u.                    Sí          869 u.                    Sí
  16        1,654 u.                    Sí          869 u.                    Sí
  17        1,658 u.                    Sí        1,987 u.                    Sí
  18        1,656 u.                    Sí        1,428 u.                    Sí
  19        1,656 u.                    Sí        1,428 u.                    Sí
  20        1,094 u.                    Sí          869 u.                    Sí
  21        1,103 u.                    Sí          869 u.                    Sí
  22        1,098 u.                    Sí          869 u.                    Sí
  23        1,098 u.                    Sí          869 u.                    Sí
  24        1,098 u.                    Sí        1,059 u.                    Sí
  25        1,103 u.                    Sí          969 u.                    Sí
  26        1,103 u.                    Sí        1,227 u.                    Sí
  27        1,102 u.                    Sí        1,095 u.                    Sí
  28        1,111 u.                    Sí        1,097 u.                    Sí
  29        1,106 u.                    Sí        1,096 u.                    Sí
  30        3,546 u.                    Sí        2,621 u.                    Sí
  31        1,784 u.                    Sí        1,707 u.                    Sí
  32        1,786 u.                    Sí        1,707 u.                    Sí
  33        1,785 u.                    Sí        5,129 u.                    Sí
  34        1,785 u.                    Sí        3,498 u.                    Sí
  35        1,789 u.                    Sí        3,459 u.                    Sí
  36        1,793 u.                    Sí        3,498 u.                    Sí
  37        1,790 u.                    Sí        2,919 u.                    Sí
  38        1,790 u.                    Sí        2,939 u.                    Sí
  39        1,790 u.                    Sí        2,939 u.                    Sí
  40        1,793 u.                    Sí        2,933 u.                    Sí
  41        1,791 u.                    Sí        3,029 u.                    Sí
  42        1,793 u.                    Sí        2,981 u.                    Sí
  43        1,793 u.                    Sí        2,981 u.                    Sí
  44        1,792 u.                    Sí        2,905 u.                    Sí
  45        1,793 u.                    Sí        3,233 u.                    Sí
  46        1,793 u.                    Sí        3,362 u.                    Sí
  47        1,824 u.                    Sí        3,225 u.                    Sí
  48        1,816 u.                    Sí        3,195 u.                    Sí
  49        1,874 u.                    Sí        3,233 u.                    Sí

ALMACENAMIENTO EN BATERÍAS (Día 1 de cada año)
--------------------------------------------------
 Año Capacidad Total Energía Almacenada Porcentaje Uso
   0           0 kWh              0 kWh           0.0%
   1     258,290 kWh        242,859 kWh          94.0%
   2     258,290 kWh        242,859 kWh          94.0%
   3     258,290 kWh        242,859 kWh          94.0%
   4     258,290 kWh        242,859 kWh          94.0%
   5     258,290 kWh        242,859 kWh          94.0%
   6     258,290 kWh        242,859 kWh          94.0%
   7     258,290 kWh        242,859 kWh          94.0%
   8     258,290 kWh        242,859 kWh          94.0%
   9     258,290 kWh        242,859 kWh          94.0%
  10     576,610 kWh        249,911 kWh          43.3%
  11     576,610 kWh        249,911 kWh          43.3%
  12     576,610 kWh        249,911 kWh          43.3%
  13     576,610 kWh        249,911 kWh          43.3%
  14     576,610 kWh        249,911 kWh          43.3%
  15     576,610 kWh        224,295 kWh          38.9%
  16     576,610 kWh        224,295 kWh          38.9%
  17     705,180 kWh        198,776 kWh          28.2%
  18     705,180 kWh        198,776 kWh          28.2%
  19     705,180 kWh        198,776 kWh          28.2%
  20     446,890 kWh        446,890 kWh         100.0%
  21     446,890 kWh        446,890 kWh         100.0%
  22     446,890 kWh        446,890 kWh         100.0%
  23     446,890 kWh        446,890 kWh         100.0%
  24     468,050 kWh        468,050 kWh         100.0%
  25     468,050 kWh        468,050 kWh         100.0%
  26     497,720 kWh        497,720 kWh         100.0%
  27     497,720 kWh         99,544 kWh          20.0%
  28     497,720 kWh         99,544 kWh          20.0%
  29     497,720 kWh         99,544 kWh          20.0%
  30     776,250 kWh        776,250 kWh         100.0%
  31     776,250 kWh        776,250 kWh         100.0%
  32     776,250 kWh        776,250 kWh         100.0%
  33   1,169,780 kWh        233,956 kWh          20.0%
  34   1,169,780 kWh      1,169,780 kWh         100.0%
  35   1,169,780 kWh      1,169,780 kWh         100.0%
  36   1,169,780 kWh      1,169,780 kWh         100.0%
  37   1,041,210 kWh        208,242 kWh          20.0%
  38   1,041,210 kWh        208,242 kWh          20.0%
  39   1,041,210 kWh        208,242 kWh          20.0%
  40   1,041,210 kWh        208,242 kWh          20.0%
  41   1,041,210 kWh        208,242 kWh          20.0%
  42   1,041,210 kWh        208,242 kWh          20.0%
  43   1,041,210 kWh        208,242 kWh          20.0%
  44   1,020,050 kWh        204,010 kWh          20.0%
  45   1,055,010 kWh        211,002 kWh          20.0%
  46   1,072,490 kWh        214,498 kWh          20.0%
  47   1,081,230 kWh        216,246 kWh          20.0%
  48   1,081,230 kWh        216,246 kWh          20.0%
  49   1,092,040 kWh        218,408 kWh          20.0%

DIVERSIFICACIÓN ENERGÉTICA (Año 10)
--------------------------------------------------
• Producción Solar: 106,170,000 kWh (39.0%)
• Producción Eólica: 166,000,000 kWh (61.0%)

INVERSIÓN POR TIPO DE TECNOLOGÍA
--------------------------------------------------
• Solar Peq: $26,253,900 (7.0%)
• Solar Gr: $9,252,000 (2.5%)
• Eólica Peq: $0 (0.0%)
• Eólica Gr: $328,680,000 (87.3%)
• Bat Litio: $12,502,460 (3.3%)
• Bat Plomo: $0 (0.0%)
• Bat Flujo: $0 (0.0%)

VERIFICACIÓN DE FACTIBILIDAD
--------------------------------------------------
• Presupuesto: $376,955,660 / $405,000,000
• Año 3: Producción 218,856,000 ≥ Demanda 174,967,273
• Año 10: Producción 272,170,000 ≥ Demanda 220,956,393
• Año 15: Producción 289,170,000 ≥ Demanda 261,035,304
• Terreno 0, Año 0: 289,319/500,000 u²
• Terreno 0, Año 10: 340,468/500,000 u²
• Terreno 0, Año 15: 390,644/500,000 u²
• Terreno 1, Año 0: 182,618/500,000 u²
• Terreno 1, Año 10: 497,199/500,000 u²
• Terreno 1, Año 15: 365,158/500,000 u²

RECOMENDACIONES ESTRATÉGICAS
--------------------------------------------------
• Tecnología más construída: Batería Litio
• Total unidades: 8035.0
• Años de primera construcción:
  - Solar Pequeña: Año 21
  - Solar Grande: Año 0
  - Eólica Grande: Año 0
  - Batería Litio: Año 0

================================================================================
ANÁLISIS COMPLETADO EXITOSAMENTE
================================================================================
