
================================================================================
ANÁLISIS COMPLETO DE RESULTADOS
================================================================================

RESUMEN EJECUTIVO
--------------------------------------------------
• Inversión total infraestructura: $376,688,360 USD
• Costo arriendo total: $267,300 USD
• Emisiones totales de CO2: 1,370,777,080 kgCO2
• Energía total producida: 20,061,326,430 kWh
• Presupuesto utilizado: 83.8%

INFRAESTRUCTURA CONSTRUIDA POR AÑO
--------------------------------------------------
  Año  Solar Peq  Solar Gr  Eólica Peq  Eólica Gr  Bat Litio  Bat Plomo  Bat Flujo
    0        0.0       3.0         0.0        6.0        0.0        0.0        0.0
    1        0.0       0.0         0.0        4.0     1123.0        0.0        0.0
    2        0.0       0.0         0.0        0.0        0.0        0.0        0.0
    3        0.0       0.0         0.0        0.0        0.0        0.0        0.0
    4        0.0       0.0         0.0        0.0        0.0        0.0        0.0
    5        0.0       0.0         0.0        0.0        0.0        0.0        0.0
    6        0.0       0.0         0.0        0.0        0.0        0.0        0.0
    7        0.0       0.0         0.0        0.0        0.0        0.0        0.0
    8        0.0       0.0         0.0        0.0        0.0        0.0        0.0
    9        0.0       0.0         0.0        0.0        0.0        0.0        0.0
   10        0.0       1.0         0.0        0.0      237.0        0.0        0.0
   11        0.0       0.0         0.0        0.0        0.0        0.0        0.0
   12        0.0       0.0         0.0        1.0      845.0        0.0        0.0
   13        0.0       0.0         0.0        0.0        0.0        0.0        0.0
   14        0.0       0.0         0.0        0.0        0.0        0.0        0.0
   15        0.0       0.0         0.0        2.0     1082.0        0.0        0.0
   16        0.0       0.0         0.0        0.0        0.0        0.0        0.0
   17        0.0       0.0         0.0        2.0        0.0        0.0        0.0
   18        0.0       0.0         0.0        0.0        0.0        0.0        0.0
   19        0.0       0.0         0.0        0.0        0.0        0.0        0.0
   20        3.0       0.0         0.0        1.0        0.0        0.0        0.0
   21        0.0       0.0         0.0        0.0        0.0        0.0        0.0
   22        0.0       0.0         0.0        0.0        0.0        0.0        0.0
   23        8.0       0.0         0.0        0.0        0.0        0.0        0.0
   24        0.0       0.0         0.0        0.0        0.0        0.0        0.0
   25        0.0       0.0         0.0        6.0        0.0        0.0        0.0
   26        0.0       0.0         0.0        5.0        0.0        0.0        0.0
   27        0.0       0.0         0.0        1.0        0.0        0.0        0.0
   28        3.0       0.0         0.0        0.0        0.0        0.0        0.0
   29        1.0       0.0         0.0        1.0        0.0        0.0        0.0
   30       80.0       0.0         0.0        0.0     4579.0        0.0        0.0
   31        0.0       0.0         0.0        1.0        0.0        0.0        0.0
   32       28.0       0.0         0.0        0.0        0.0        0.0        0.0
   33        0.0       0.0         0.0        3.0        0.0        0.0        0.0
   34        0.0       0.0         0.0        0.0        0.0        0.0        0.0
   35       14.0       0.0         0.0        3.0        0.0        0.0        0.0
   36        7.0       0.0         0.0        1.0        0.0        0.0        0.0
   37        0.0       0.0         0.0        0.0        0.0        0.0        0.0
   38        0.0       0.0         0.0        1.0        0.0        0.0        0.0
   39        0.0       0.0         0.0        0.0        0.0        0.0        0.0
   40       53.0       0.0         0.0        0.0        0.0        0.0        0.0
   41        0.0       0.0         0.0        0.0        0.0        0.0        0.0
   42        0.0       0.0         0.0        2.0        0.0        0.0        0.0
   43        0.0       0.0         0.0        1.0        0.0        0.0        0.0
   44       28.0       0.0         0.0        1.0      169.0        0.0        0.0
   45       14.0       0.0         0.0        1.0        0.0        0.0        0.0
   46        7.0       0.0         0.0        1.0        0.0        0.0        0.0
   47        0.0       0.0         0.0        0.0        0.0        0.0        0.0
   48       22.0       0.0         0.0        0.0        0.0        0.0        0.0
   49       11.0       0.0         0.0        0.0        0.0        0.0        0.0
TOTAL      279.0       4.0         0.0       44.0     8035.0        0.0        0.0

INFRAESTRUCTURA EN OPERACIÓN POR AÑO
--------------------------------------------------
 Año  Solar Peq  Solar Gr  Eólica Peq  Eólica Gr  Bat Litio  Bat Plomo  Bat Flujo
   0        0.0       0.0         0.0        0.0        0.0        0.0        0.0
   1        0.0       3.0         0.0       10.0     1123.0        0.0        0.0
   2        0.0       3.0         0.0       10.0     1123.0        0.0        0.0
   3        0.0       3.0         0.0       10.0     1123.0        0.0        0.0
   4        0.0       3.0         0.0       10.0     1123.0        0.0        0.0
   5        0.0       3.0         0.0       10.0     1123.0        0.0        0.0
   6        0.0       3.0         0.0       10.0     1123.0        0.0        0.0
   7        0.0       3.0         0.0       10.0     1123.0        0.0        0.0
   8        0.0       3.0         0.0       10.0     1123.0        0.0        0.0
   9        0.0       3.0         0.0       10.0     1123.0        0.0        0.0
  10        0.0       4.0         0.0       10.0     1360.0        0.0        0.0
  11        0.0       4.0         0.0       10.0     1360.0        0.0        0.0
  12        0.0       4.0         0.0       11.0     2205.0        0.0        0.0
  13        0.0       4.0         0.0       11.0     2205.0        0.0        0.0
  14        0.0       4.0         0.0       11.0     2205.0        0.0        0.0
  15        0.0       4.0         0.0       13.0     3287.0        0.0        0.0
  16        0.0       4.0         0.0       13.0     3287.0        0.0        0.0
  17        0.0       4.0         0.0       15.0     3287.0        0.0        0.0
  18        0.0       4.0         0.0       15.0     3287.0        0.0        0.0
  19        0.0       4.0         0.0       15.0     3287.0        0.0        0.0
  20        3.0       4.0         0.0       16.0     3287.0        0.0        0.0
  21        3.0       4.0         0.0       16.0     2164.0        0.0        0.0
  22        3.0       4.0         0.0       16.0     2164.0        0.0        0.0
  23       11.0       4.0         0.0       16.0     2164.0        0.0        0.0
  24       11.0       4.0         0.0       16.0     2164.0        0.0        0.0
  25       11.0       4.0         0.0       16.0     2164.0        0.0        0.0
  26       11.0       4.0         0.0       17.0     2164.0        0.0        0.0
  27       11.0       4.0         0.0       18.0     2164.0        0.0        0.0
  28       14.0       4.0         0.0       18.0     2164.0        0.0        0.0
  29       15.0       4.0         0.0       19.0     2164.0        0.0        0.0
  30       95.0       1.0         0.0       19.0     6506.0        0.0        0.0
  31       95.0       1.0         0.0       20.0     6506.0        0.0        0.0
  32      123.0       1.0         0.0       20.0     5661.0        0.0        0.0
  33      123.0       1.0         0.0       23.0     5661.0        0.0        0.0
  34      123.0       1.0         0.0       23.0     5661.0        0.0        0.0
  35      137.0       1.0         0.0       26.0     4579.0        0.0        0.0
  36      144.0       1.0         0.0       27.0     4579.0        0.0        0.0
  37      144.0       1.0         0.0       26.0     4579.0        0.0        0.0
  38      144.0       1.0         0.0       27.0     4579.0        0.0        0.0
  39      144.0       1.0         0.0       27.0     4579.0        0.0        0.0
  40      197.0       0.0         0.0       25.0     4579.0        0.0        0.0
  41      197.0       0.0         0.0       25.0     4579.0        0.0        0.0
  42      197.0       0.0         0.0       25.0     4579.0        0.0        0.0
  43      197.0       0.0         0.0       26.0     4579.0        0.0        0.0
  44      225.0       0.0         0.0       27.0     4748.0        0.0        0.0
  45      239.0       0.0         0.0       27.0     4748.0        0.0        0.0
  46      246.0       0.0         0.0       28.0     4748.0        0.0        0.0
  47      246.0       0.0         0.0       28.0     4748.0        0.0        0.0
  48      268.0       0.0         0.0       28.0     4748.0        0.0        0.0
  49      279.0       0.0         0.0       28.0     4748.0        0.0        0.0

 PRODUCCIÓN DE ENERGÍA VS DEMANDA
--------------------------------------------------
 Año Producción (kWh) Demanda (kWh) Cumplimiento
   0                0   158,314,691         0.0%
   1      218,856,000   163,681,559       133.7%
   2      218,856,000   169,230,364       129.3%
   3      218,856,000   174,967,273       125.1%
   4      218,856,000   180,898,664       121.0%
   5      218,856,000   187,031,128       117.0%
   6      218,856,000   193,371,484       113.2%
   7      218,856,000   199,926,777       109.5%
   8      218,856,000   206,704,295       105.9%
   9      218,856,000   213,711,570       102.4%
  10      258,670,000   220,956,393       117.1%
  11      258,670,000   228,446,814       113.2%
  12      272,170,000   236,191,161       115.2%
  13      272,170,000   244,198,042       111.5%
  14      272,170,000   252,476,355       107.8%
  15      306,170,000   261,035,304       117.3%
  16      306,170,000   269,884,401       113.4%
  17      340,170,000   279,033,482       121.9%
  18      340,170,000   288,492,717       117.9%
  19      340,170,000   298,272,620       114.0%
  20      361,151,000   308,384,062       117.1%
  21      361,151,000   318,838,281       113.3%
  22      361,151,000   329,646,899       109.6%
  23      371,767,000   340,821,929       109.1%
  24      371,767,000   352,375,792       105.5%
  25      368,267,000   364,321,332       101.1%
  26      381,767,000   376,671,825       101.4%
  27      398,767,000   389,441,000       102.4%
  28      402,748,000   402,643,050       100.0%
  29      417,575,000   416,292,649       100.3%
  30      457,379,000   430,404,970       106.3%
  31      470,879,000   444,995,698       105.8%
  32      508,035,000   460,081,052       110.4%
  33      559,035,000   475,677,800       117.5%
  34      559,035,000   491,803,278       113.7%
  35      628,613,000   508,475,409       123.6%
  36      654,902,000   525,712,725       124.6%
  37      641,402,000   543,534,386       118.0%
  38      658,402,000   561,960,202       117.2%
  39      658,402,000   581,010,653       113.3%
  40      654,919,000   600,706,914       109.0%
  41      654,919,000   621,070,878       105.4%
  42      654,919,000   642,125,181       102.0%
  43      668,419,000   663,893,225       100.7%
  44      722,575,000   686,399,205       105.3%
  45      741,153,000   709,668,138       104.4%
  46      767,442,000   733,725,888       104.6%
  47      767,442,000   758,599,196       101.2%
  48      796,636,000   784,315,708       101.6%
  49      811,233,000   810,904,011       100.0%

USO DE TERRENOS
--------------------------------------------------
 Año Terreno 0 - Uso Terreno 0 - Arrendado Terreno 1 - Uso Terreno 1 - Arrendado
   0            5 u.                    Sí            4 u.                    Sí
   1        1,137 u.                    Sí        1,126 u.                    Sí
   2          571 u.                    Sí          565 u.                    Sí
   3          571 u.                    Sí          565 u.                    Sí
   4          571 u.                    Sí          565 u.                    Sí
   5          571 u.                    Sí          565 u.                    Sí
   6          571 u.                    Sí          565 u.                    Sí
   7          571 u.                    Sí          565 u.                    Sí
   8          571 u.                    Sí          565 u.                    Sí
   9          571 u.                    Sí          565 u.                    Sí
  10          571 u.                    Sí        1,041 u.                    Sí
  11          571 u.                    Sí          803 u.                    Sí
  12          571 u.                    Sí        2,495 u.                    Sí
  13          571 u.                    Sí        1,649 u.                    Sí
  14          571 u.                    Sí        1,649 u.                    Sí
  15        2,739 u.                    Sí        1,649 u.                    Sí
  16        1,655 u.                    Sí        1,649 u.                    Sí
  17        1,659 u.                    Sí        1,649 u.                    Sí
  18        1,657 u.                    Sí        1,649 u.                    Sí
  19        1,657 u.                    Sí        1,649 u.                    Sí
  20        1,659 u.                    Sí        1,655 u.                    Sí
  21        1,094 u.                    Sí        1,093 u.                    Sí
  22        1,094 u.                    Sí        1,093 u.                    Sí
  23        1,110 u.                    Sí        1,093 u.                    Sí
  24        1,102 u.                    Sí        1,093 u.                    Sí
  25        1,103 u.                    Sí        1,098 u.                    Sí
  26        1,103 u.                    Sí        1,098 u.                    Sí
  27        1,103 u.                    Sí        1,095 u.                    Sí
  28        1,108 u.                    Sí        1,095 u.                    Sí
  29        1,107 u.                    Sí        1,097 u.                    Sí
  30        4,366 u.                    Sí        6,914 u.                    Sí
  31        2,735 u.                    Sí        3,888 u.                    Sí
  32        2,735 u.                    Sí        3,098 u.                    Sí
  33        2,741 u.                    Sí        3,070 u.                    Sí
  34        2,738 u.                    Sí        3,070 u.                    Sí
  35        1,662 u.                    Sí        3,098 u.                    Sí
  36        1,661 u.                    Sí        3,098 u.                    Sí
  37        1,660 u.                    Sí        3,090 u.                    Sí
  38        1,662 u.                    Sí        3,090 u.                    Sí
  39        1,661 u.                    Sí        3,090 u.                    Sí
  40        1,659 u.                    Sí        3,195 u.                    Sí
  41        1,659 u.                    Sí        3,142 u.                    Sí
  42        1,661 u.                    Sí        3,142 u.                    Sí
  43        1,659 u.                    Sí        3,144 u.                    Sí
  44        1,999 u.                    Sí        3,199 u.                    Sí
  45        1,830 u.                    Sí        3,199 u.                    Sí
  46        1,831 u.                    Sí        3,199 u.                    Sí
  47        1,830 u.                    Sí        3,192 u.                    Sí
  48        1,862 u.                    Sí        3,204 u.                    Sí
  49        1,862 u.                    Sí        3,204 u.                    Sí

ALMACENAMIENTO EN BATERÍAS (Día 1 de cada año)
--------------------------------------------------
 Año Capacidad Total Energía Almacenada Porcentaje Uso
   0           0 kWh              0 kWh           0.0%
   1     258,290 kWh        242,859 kWh          94.0%
   2     258,290 kWh        242,859 kWh          94.0%
   3     258,290 kWh        242,859 kWh          94.0%
   4     258,290 kWh        242,859 kWh          94.0%
   5     258,290 kWh        242,859 kWh          94.0%
   6     258,290 kWh        242,859 kWh          94.0%
   7     258,290 kWh        242,859 kWh          94.0%
   8     258,290 kWh        242,859 kWh          94.0%
   9     258,290 kWh        242,859 kWh          94.0%
  10     312,800 kWh        312,800 kWh         100.0%
  11     312,800 kWh        312,800 kWh         100.0%
  12     507,150 kWh        236,019 kWh          46.5%
  13     507,150 kWh        236,019 kWh          46.5%
  14     507,150 kWh        236,019 kWh          46.5%
  15     756,010 kWh        234,559 kWh          31.0%
  16     756,010 kWh        234,559 kWh          31.0%
  17     756,010 kWh        183,326 kWh          24.2%
  18     756,010 kWh        183,326 kWh          24.2%
  19     756,010 kWh        183,326 kWh          24.2%
  20     756,010 kWh        154,083 kWh          20.4%
  21     497,720 kWh        497,720 kWh         100.0%
  22     497,720 kWh        497,720 kWh         100.0%
  23     497,720 kWh        497,720 kWh         100.0%
  24     497,720 kWh        497,720 kWh         100.0%
  25     497,720 kWh        497,720 kWh         100.0%
  26     497,720 kWh        497,720 kWh         100.0%
  27     497,720 kWh         99,544 kWh          20.0%
  28     497,720 kWh         99,544 kWh          20.0%
  29     497,720 kWh         99,544 kWh          20.0%
  30   1,496,380 kWh        299,276 kWh          20.0%
  31   1,496,380 kWh        299,276 kWh          20.0%
  32   1,302,030 kWh        260,406 kWh          20.0%
  33   1,302,030 kWh      1,302,030 kWh         100.0%
  34   1,302,030 kWh      1,302,030 kWh         100.0%
  35   1,053,170 kWh        210,634 kWh          20.0%
  36   1,053,170 kWh        210,634 kWh          20.0%
  37   1,053,170 kWh        210,634 kWh          20.0%
  38   1,053,170 kWh        210,634 kWh          20.0%
  39   1,053,170 kWh        210,634 kWh          20.0%
  40   1,053,170 kWh        210,634 kWh          20.0%
  41   1,053,170 kWh        210,634 kWh          20.0%
  42   1,053,170 kWh        210,634 kWh          20.0%
  43   1,053,170 kWh        210,634 kWh          20.0%
  44   1,092,040 kWh        218,408 kWh          20.0%
  45   1,092,040 kWh        218,408 kWh          20.0%
  46   1,092,040 kWh        218,408 kWh          20.0%
  47   1,092,040 kWh        218,408 kWh          20.0%
  48   1,092,040 kWh        218,408 kWh          20.0%
  49   1,092,040 kWh        218,408 kWh          20.0%

DIVERSIFICACIÓN ENERGÉTICA (Año 10)
--------------------------------------------------
• Producción Solar: 106,170,000 kWh (41.0%)
• Producción Eólica: 152,500,000 kWh (59.0%)

INVERSIÓN POR TIPO DE TECNOLOGÍA
--------------------------------------------------
• Solar Peq: $26,253,900 (7.0%)
• Solar Gr: $9,252,000 (2.5%)
• Eólica Peq: $0 (0.0%)
• Eólica Gr: $328,680,000 (87.3%)
• Bat Litio: $12,502,460 (3.3%)
• Bat Plomo: $0 (0.0%)
• Bat Flujo: $0 (0.0%)

VERIFICACIÓN DE FACTIBILIDAD
--------------------------------------------------
• Presupuesto: $376,955,660 / $450,000,000
• Año 3: Producción 218,856,000 ≥ Demanda 174,967,273
• Año 10: Producción 258,670,000 ≥ Demanda 220,956,393
• Año 15: Producción 306,170,000 ≥ Demanda 261,035,304
• Terreno 0, Año 0: 289,150/500,000 u²
• Terreno 0, Año 10: 339,819/500,000 u²
• Terreno 0, Año 15: 441,468/500,000 u²
• Terreno 1, Año 0: 182,450/500,000 u²
• Terreno 1, Año 10: 446,660/500,000 u²
• Terreno 1, Año 15: 365,392/500,000 u²

RECOMENDACIONES ESTRATÉGICAS
--------------------------------------------------
• Tecnología más construída: Batería Litio
• Total unidades: 8035.0
• Años de primera construcción:
  - Solar Pequeña: Año 20
  - Solar Grande: Año 0
  - Eólica Grande: Año 0
  - Batería Litio: Año 1

================================================================================
ANÁLISIS COMPLETADO EXITOSAMENTE
================================================================================