
================================================================================
ANÁLISIS COMPLETO DE RESULTADOS
================================================================================

RESUMEN EJECUTIVO
--------------------------------------------------
• Inversión total infraestructura: $394,843,556 USD
• Costo arriendo total: $267,300 USD
• Emisiones totales de CO2: 1,346,252,940 kgCO2
• Energía total producida: 20,061,326,430 kWh
• Presupuesto utilizado: 87.8%

INFRAESTRUCTURA CONSTRUIDA POR AÑO
--------------------------------------------------
  Año  Solar Peq  Solar Gr  Eólica Peq  Eólica Gr  Bat Litio  Bat Plomo  Bat Flujo
    0        0.0       3.0         0.0        6.0      559.0        0.0        0.0
    1        0.0       0.0         0.0        4.0      564.0        0.0        0.0
    2        0.0       0.0         0.0        0.0        0.0        0.0        0.0
    3        0.0       0.0         0.0        0.0        0.0        0.0        0.0
    4        0.0       0.0         0.0        0.0        0.0        0.0        0.0
    5        0.0       0.0         0.0        0.0        0.0        0.0        0.0
    6        0.0       0.0         0.0        0.0        0.0        0.0        0.0
    7        0.0       0.0         0.0        0.0        0.0        0.0        0.0
    8        0.0       0.0         0.0        0.0        0.0        0.0        0.0
    9        0.0       0.0         0.0        0.0        0.0        0.0        0.0
   10        0.0       1.0         0.0        1.0      480.0        0.0        0.0
   11        0.0       0.0         0.0        2.0        0.0        0.0        0.0
   12        0.0       0.0         0.0        0.0        0.0        0.0        0.0
   13        0.0       0.0         0.0        0.0        0.0        0.0        0.0
   14        0.0       0.0         0.0        2.0      162.0        0.0        0.0
   15        0.0       0.0         0.0        0.0        0.0        0.0        0.0
   16        0.0       0.0         0.0        0.0        0.0        0.0        0.0
   17        0.0       0.0         0.0        0.0        0.0        0.0        0.0
   18        0.0       0.0         0.0        0.0        0.0        0.0        0.0
   19        0.0       0.0         0.0        0.0        0.0        0.0        0.0
   20        0.0       0.0         0.0        0.0      559.0        0.0        0.0
   21        0.0       0.0         0.0        0.0      677.0        0.0        0.0
   22        3.0       0.0         0.0        0.0      286.0        0.0        0.0
   23        0.0       0.0         0.0        0.0        0.0        0.0        0.0
   24       12.0       0.0         0.0        0.0        0.0        0.0        0.0
   25        0.0       0.0         0.0        7.0        0.0        0.0        0.0
   26        0.0       0.0         0.0        5.0        0.0        0.0        0.0
   27        0.0       0.0         0.0        1.0        0.0        0.0        0.0
   28        0.0       0.0         0.0        0.0        0.0        0.0        0.0
   29        0.0       0.0         0.0        1.0        0.0        0.0        0.0
   30       93.0       0.0         0.0        0.0     1135.0        0.0        0.0
   31        0.0       0.0         0.0        1.0        0.0        0.0        0.0
   32        0.0       0.0         0.0        0.0        0.0        0.0        0.0
   33        0.0       0.0         0.0        0.0      405.0        0.0        0.0
   34        0.0       0.0         0.0        2.0        0.0        0.0        0.0
   35        0.0       0.0         0.0        0.0        0.0        0.0        0.0
   36        0.0       0.0         0.0        6.0     1646.0        0.0        0.0
   37        0.0       0.0         0.0        0.0      138.0        0.0        0.0
   38        6.0       0.0         0.0        1.0        0.0        0.0        0.0
   39       34.0       0.0         0.0        2.0        0.0        0.0        0.0
   40        0.0       0.0         0.0        0.0      920.0        0.0        0.0
   41        0.0       0.0         0.0        3.0        0.0        0.0        0.0
   42       15.0       0.0         0.0        0.0        0.0        0.0        0.0
   43        0.0       0.0         0.0        2.0        0.0        0.0        0.0
   44       18.0       0.0         0.0        1.0        0.0        0.0        0.0
   45       26.0       0.0         0.0        0.0       95.0        0.0        0.0
   46        8.0       0.0         0.0        0.0      152.0        0.0        0.0
   47       12.0       0.0         0.0        0.0       38.0        0.0        0.0
   48        6.0       0.0         0.0        0.0       66.0        0.0        0.0
   49        3.0       0.0         0.0        0.0       19.0        0.0        0.0
TOTAL      236.0       4.0         0.0       47.0     7901.0        0.0        0.0

INFRAESTRUCTURA EN OPERACIÓN POR AÑO
--------------------------------------------------
 Año  Solar Peq  Solar Gr  Eólica Peq  Eólica Gr  Bat Litio  Bat Plomo  Bat Flujo
   0        0.0       0.0         0.0        0.0        0.0        0.0        0.0
   1        0.0       3.0         0.0       10.0     1123.0        0.0        0.0
   2        0.0       3.0         0.0       10.0     1123.0        0.0        0.0
   3        0.0       3.0         0.0       10.0     1123.0        0.0        0.0
   4        0.0       3.0         0.0       10.0     1123.0        0.0        0.0
   5        0.0       3.0         0.0       10.0     1123.0        0.0        0.0
   6        0.0       3.0         0.0       10.0     1123.0        0.0        0.0
   7        0.0       3.0         0.0       10.0     1123.0        0.0        0.0
   8        0.0       3.0         0.0       10.0     1123.0        0.0        0.0
   9        0.0       3.0         0.0       10.0     1123.0        0.0        0.0
  10        0.0       4.0         0.0       11.0     1603.0        0.0        0.0
  11        0.0       4.0         0.0       13.0     1603.0        0.0        0.0
  12        0.0       4.0         0.0       13.0     1603.0        0.0        0.0
  13        0.0       4.0         0.0       13.0     1603.0        0.0        0.0
  14        0.0       4.0         0.0       15.0     1765.0        0.0        0.0
  15        0.0       4.0         0.0       15.0     1765.0        0.0        0.0
  16        0.0       4.0         0.0       15.0     1765.0        0.0        0.0
  17        0.0       4.0         0.0       15.0     1765.0        0.0        0.0
  18        0.0       4.0         0.0       15.0     1765.0        0.0        0.0
  19        0.0       4.0         0.0       15.0     1765.0        0.0        0.0
  20        0.0       4.0         0.0       15.0     1765.0        0.0        0.0
  21        0.0       4.0         0.0       15.0     1878.0        0.0        0.0
  22        3.0       4.0         0.0       15.0     2164.0        0.0        0.0
  23        3.0       4.0         0.0       15.0     2164.0        0.0        0.0
  24       15.0       4.0         0.0       15.0     2164.0        0.0        0.0
  25       15.0       4.0         0.0       16.0     2164.0        0.0        0.0
  26       15.0       4.0         0.0       17.0     2164.0        0.0        0.0
  27       15.0       4.0         0.0       18.0     2164.0        0.0        0.0
  28       15.0       4.0         0.0       18.0     2164.0        0.0        0.0
  29       15.0       4.0         0.0       19.0     2164.0        0.0        0.0
  30      108.0       1.0         0.0       19.0     2819.0        0.0        0.0
  31      108.0       1.0         0.0       20.0     2819.0        0.0        0.0
  32      108.0       1.0         0.0       20.0     2819.0        0.0        0.0
  33      108.0       1.0         0.0       20.0     3224.0        0.0        0.0
  34      108.0       1.0         0.0       22.0     3062.0        0.0        0.0
  35      108.0       1.0         0.0       21.0     3062.0        0.0        0.0
  36      108.0       1.0         0.0       25.0     4708.0        0.0        0.0
  37      108.0       1.0         0.0       25.0     4846.0        0.0        0.0
  38      114.0       1.0         0.0       26.0     4846.0        0.0        0.0
  39      148.0       1.0         0.0       26.0     4846.0        0.0        0.0
  40      148.0       0.0         0.0       26.0     5207.0        0.0        0.0
  41      148.0       0.0         0.0       29.0     4530.0        0.0        0.0
  42      163.0       0.0         0.0       29.0     4244.0        0.0        0.0
  43      163.0       0.0         0.0       31.0     4244.0        0.0        0.0
  44      181.0       0.0         0.0       32.0     4244.0        0.0        0.0
  45      207.0       0.0         0.0       32.0     4339.0        0.0        0.0
  46      215.0       0.0         0.0       32.0     4491.0        0.0        0.0
  47      227.0       0.0         0.0       32.0     4529.0        0.0        0.0
  48      233.0       0.0         0.0       32.0     4595.0        0.0        0.0
  49      236.0       0.0         0.0       32.0     4614.0        0.0        0.0

 PRODUCCIÓN DE ENERGÍA VS DEMANDA
--------------------------------------------------
 Año Producción (kWh) Demanda (kWh) Cumplimiento
   0                0   158,314,691         0.0%
   1      218,856,000   163,681,559       133.7%
   2      218,856,000   169,230,364       129.3%
   3      218,856,000   174,967,273       125.1%
   4      218,856,000   180,898,664       121.0%
   5      218,856,000   187,031,128       117.0%
   6      218,856,000   193,371,484       113.2%
   7      218,856,000   199,926,777       109.5%
   8      218,856,000   206,704,295       105.9%
   9      218,856,000   213,711,570       102.4%
  10      275,670,000   220,956,393       124.8%
  11      309,670,000   228,446,814       135.6%
  12      309,670,000   236,191,161       131.1%
  13      309,670,000   244,198,042       126.8%
  14      343,670,000   252,476,355       136.1%
  15      343,670,000   261,035,304       131.7%
  16      343,670,000   269,884,401       127.3%
  17      343,670,000   279,033,482       123.2%
  18      343,670,000   288,492,717       119.1%
  19      343,670,000   298,272,620       115.2%
  20      343,670,000   308,384,062       111.4%
  21      343,670,000   318,838,281       107.8%
  22      347,651,000   329,646,899       105.5%
  23      347,651,000   340,821,929       102.0%
  24      363,575,000   352,375,792       103.2%
  25      370,075,000   364,321,332       101.6%
  26      387,075,000   376,671,825       102.8%
  27      404,075,000   389,441,000       103.8%
  28      404,075,000   402,643,050       100.4%
  29      417,575,000   416,292,649       100.3%
  30      474,630,000   430,404,970       110.3%
  31      491,630,000   444,995,698       110.5%
  32      491,630,000   460,081,052       106.9%
  33      491,630,000   475,677,800       103.4%
  34      525,630,000   491,803,278       106.9%
  35      508,630,000   508,475,409       100.0%
  36      573,130,000   525,712,725       109.0%
  37      573,130,000   543,534,386       105.4%
  38      598,092,000   561,960,202       106.4%
  39      643,210,000   581,010,653       110.7%
  40      603,396,000   600,706,914       100.4%
  41      650,896,000   621,070,878       104.8%
  42      670,801,000   642,125,181       104.5%
  43      697,801,000   663,893,225       105.1%
  44      738,687,000   686,399,205       107.6%
  45      773,189,000   709,668,138       109.0%
  46      783,805,000   733,725,888       106.8%
  47      799,729,000   758,599,196       105.4%
  48      807,691,000   784,315,708       103.0%
  49      811,672,000   810,904,011       100.1%

USO DE TERRENOS
--------------------------------------------------
 Año Terreno 0 - Uso Terreno 0 - Arrendado Terreno 1 - Uso Terreno 1 - Arrendado
   0            7 u.                    Sí          561 u.                    Sí
   1        1,135 u.                    Sí          569 u.                    Sí
   2          571 u.                    Sí          565 u.                    Sí
   3          571 u.                    Sí          565 u.                    Sí
   4          571 u.                    Sí          565 u.                    Sí
   5          571 u.                    Sí          565 u.                    Sí
   6          571 u.                    Sí          565 u.                    Sí
   7          571 u.                    Sí          565 u.                    Sí
   8          571 u.                    Sí          565 u.                    Sí
   9          571 u.                    Sí          565 u.                    Sí
  10        1,059 u.                    Sí        1,041 u.                    Sí
  11          819 u.                    Sí          803 u.                    Sí
  12          817 u.                    Sí          803 u.                    Sí
  13          817 u.                    Sí          803 u.                    Sí
  14        1,145 u.                    Sí          803 u.                    Sí
  15          981 u.                    Sí          803 u.                    Sí
  16          981 u.                    Sí          803 u.                    Sí
  17          981 u.                    Sí          803 u.                    Sí
  18          981 u.                    Sí          803 u.                    Sí
  19          981 u.                    Sí          803 u.                    Sí
  20          981 u.                    Sí        1,362 u.                    Sí
  21        1,771 u.                    Sí          803 u.                    Sí
  22        1,094 u.                    Sí        1,381 u.                    Sí
  23        1,094 u.                    Sí        1,092 u.                    Sí
  24        1,118 u.                    Sí        1,092 u.                    Sí
  25        1,107 u.                    Sí        1,099 u.                    Sí
  26        1,106 u.                    Sí        1,099 u.                    Sí
  27        1,107 u.                    Sí        1,095 u.                    Sí
  28        1,106 u.                    Sí        1,095 u.                    Sí
  29        1,106 u.                    Sí        1,097 u.                    Sí
  30        1,355 u.                    Sí        2,820 u.                    Sí
  31        1,110 u.                    Sí        1,839 u.                    Sí
  32        1,109 u.                    Sí        1,839 u.                    Sí
  33        1,919 u.                    Sí        1,839 u.                    Sí
  34        1,356 u.                    Sí        1,839 u.                    Sí
  35        1,353 u.                    Sí        1,839 u.                    Sí
  36        1,361 u.                    Sí        5,133 u.                    Sí
  37        1,632 u.                    Sí        3,486 u.                    Sí
  38        1,508 u.                    Sí        3,486 u.                    Sí
  39        1,503 u.                    Sí        3,554 u.                    Sí
  40        3,341 u.                    Sí        2,960 u.                    Sí
  41        1,748 u.                    Sí        2,962 u.                    Sí
  42        1,746 u.                    Sí        2,705 u.                    Sí
  43        1,746 u.                    Sí        2,694 u.                    Sí
  44        1,748 u.                    Sí        2,728 u.                    Sí
  45        1,957 u.                    Sí        2,742 u.                    Sí
  46        2,020 u.                    Sí        2,878 u.                    Sí
  47        2,020 u.                    Sí        2,818 u.                    Sí
  48        2,038 u.                    Sí        2,894 u.                    Sí
  49        2,010 u.                    Sí        2,894 u.                    Sí

ALMACENAMIENTO EN BATERÍAS (Día 1 de cada año)
--------------------------------------------------
 Año Capacidad Total Energía Almacenada Porcentaje Uso
   0           0 kWh              0 kWh           0.0%
   1     258,290 kWh        242,859 kWh          94.0%
   2     258,290 kWh        242,859 kWh          94.0%
   3     258,290 kWh        242,859 kWh          94.0%
   4     258,290 kWh        242,859 kWh          94.0%
   5     258,290 kWh        242,859 kWh          94.0%
   6     258,290 kWh        242,859 kWh          94.0%
   7     258,290 kWh        242,859 kWh          94.0%
   8     258,290 kWh        242,859 kWh          94.0%
   9     258,290 kWh        242,859 kWh          94.0%
  10     368,690 kWh        368,690 kWh         100.0%
  11     368,690 kWh        151,821 kWh          41.2%
  12     368,690 kWh        151,821 kWh          41.2%
  13     368,690 kWh        151,821 kWh          41.2%
  14     405,950 kWh        108,040 kWh          26.6%
  15     405,950 kWh        108,040 kWh          26.6%
  16     405,950 kWh        108,040 kWh          26.6%
  17     405,950 kWh        108,040 kWh          26.6%
  18     405,950 kWh        108,040 kWh          26.6%
  19     405,950 kWh        108,040 kWh          26.6%
  20     405,950 kWh        108,040 kWh          26.6%
  21     431,940 kWh        113,238 kWh          26.2%
  22     497,720 kWh        122,767 kWh          24.7%
  23     497,720 kWh        122,767 kWh          24.7%
  24     497,720 kWh        108,261 kWh          21.8%
  25     497,720 kWh         99,544 kWh          20.0%
  26     497,720 kWh         99,544 kWh          20.0%
  27     497,720 kWh         99,544 kWh          20.0%
  28     497,720 kWh         99,544 kWh          20.0%
  29     497,720 kWh         99,544 kWh          20.0%
  30     648,370 kWh        129,674 kWh          20.0%
  31     648,370 kWh        129,674 kWh          20.0%
  32     648,370 kWh        129,674 kWh          20.0%
  33     741,520 kWh        148,304 kWh          20.0%
  34     704,260 kWh        140,852 kWh          20.0%
  35     704,260 kWh        140,852 kWh          20.0%
  36   1,082,840 kWh        216,568 kWh          20.0%
  37   1,114,580 kWh        222,916 kWh          20.0%
  38   1,114,580 kWh        222,916 kWh          20.0%
  39   1,114,580 kWh        298,310 kWh          26.8%
  40   1,197,610 kWh        574,080 kWh          47.9%
  41   1,041,900 kWh        644,000 kWh          61.8%
  42     976,120 kWh        742,670 kWh          76.1%
  43     976,120 kWh        791,890 kWh          81.1%
  44     976,120 kWh        911,950 kWh          93.4%
  45     997,970 kWh        930,580 kWh          93.2%
  46   1,032,930 kWh        974,050 kWh          94.3%
  47   1,041,670 kWh      1,022,120 kWh          98.1%
  48   1,056,850 kWh      1,048,110 kWh          99.2%
  49   1,061,220 kWh      1,054,780 kWh          99.4%

DIVERSIFICACIÓN ENERGÉTICA (Año 10)
--------------------------------------------------
• Producción Solar: 106,170,000 kWh (38.5%)
• Producción Eólica: 169,500,000 kWh (61.5%)

INVERSIÓN POR TIPO DE TECNOLOGÍA
--------------------------------------------------
• Solar Peq: $22,207,600 (5.6%)
• Solar Gr: $9,252,000 (2.3%)
• Eólica Peq: $0 (0.0%)
• Eólica Gr: $351,090,000 (88.9%)
• Bat Litio: $12,293,956 (3.1%)
• Bat Plomo: $0 (0.0%)
• Bat Flujo: $0 (0.0%)

VERIFICACIÓN DE FACTIBILIDAD
--------------------------------------------------
• Presupuesto: $395,110,856 / $450,000,000
• Año 3: Producción 218,856,000 ≥ Demanda 174,967,273
• Año 10: Producción 275,670,000 ≥ Demanda 220,956,393
• Año 15: Producción 343,670,000 ≥ Demanda 261,035,304
• Terreno 0, Año 0: 339,650/525,000 u²
• Terreno 0, Año 10: 390,465/525,000 u²
• Terreno 0, Año 15: 466,191/525,000 u²
• Terreno 1, Año 0: 132,118/525,000 u²
• Terreno 1, Año 10: 446,660/525,000 u²
• Terreno 1, Año 15: 339,889/525,000 u²

RECOMENDACIONES ESTRATÉGICAS
--------------------------------------------------
• Tecnología más construída: Batería Litio
• Total unidades: 7901.0
• Años de primera construcción:
  - Solar Pequeña: Año 22
  - Solar Grande: Año 0
  - Eólica Grande: Año 0
  - Batería Litio: Año 0

================================================================================
ANÁLISIS COMPLETADO EXITOSAMENTE
================================================================================
