
================================================================================
ANÁLISIS COMPLETO DE RESULTADOS
================================================================================

RESUMEN EJECUTIVO
--------------------------------------------------
• Inversión total infraestructura: $413,987,988 USD
• Costo arriendo total: $267,300 USD
• Emisiones totales de CO2: 1,327,467,600 kgCO2
• Energía total producida: 20,061,326,430 kWh
• Presupuesto utilizado: 92.1%

INFRAESTRUCTURA CONSTRUIDA POR AÑO
--------------------------------------------------
  Año  Solar Peq  Solar Gr  Eólica Peq  Eólica Gr  Bat Litio  Bat Plomo  Bat Flujo
    0        0.0       1.0         0.0        7.0      559.0        0.0        0.0
    1        0.0       2.0         0.0        3.0      564.0        0.0        0.0
    2        0.0       0.0         0.0        0.0        0.0        0.0        0.0
    3        0.0       0.0         0.0        0.0        0.0        0.0        0.0
    4        0.0       0.0         0.0        0.0        0.0        0.0        0.0
    5        0.0       0.0         0.0        0.0        0.0        0.0        0.0
    6        0.0       0.0         0.0        0.0        0.0        0.0        0.0
    7        0.0       0.0         0.0        0.0        0.0        0.0        0.0
    8        0.0       0.0         0.0        0.0        0.0        0.0        0.0
    9        0.0       0.0         0.0        0.0        0.0        0.0        0.0
   10        0.0       1.0         0.0        3.0     1281.0        0.0        0.0
   11        0.0       0.0         0.0        0.0        0.0        0.0        0.0
   12        0.0       0.0         0.0        2.0      883.0        0.0        0.0
   13        0.0       0.0         0.0        0.0        0.0        0.0        0.0
   14        0.0       0.0         0.0        0.0        0.0        0.0        0.0
   15        0.0       0.0         0.0        0.0        0.0        0.0        0.0
   16        0.0       0.0         0.0        0.0        0.0        0.0        0.0
   17        0.0       0.0         0.0        0.0        0.0        0.0        0.0
   18        0.0       0.0         0.0        0.0        0.0        0.0        0.0
   19        0.0       0.0         0.0        0.0        0.0        0.0        0.0
   20        0.0       0.0         0.0        0.0        0.0        0.0        0.0
   21        7.0       0.0         0.0        0.0        0.0        0.0        0.0
   22        8.0       0.0         0.0        0.0        0.0        0.0        0.0
   23        0.0       0.0         0.0        0.0        0.0        0.0        0.0
   24        0.0       0.0         0.0        0.0        0.0        0.0        0.0
   25        0.0       0.0         0.0        8.0        0.0        0.0        0.0
   26        0.0       0.0         0.0        5.0        0.0        0.0        0.0
   27        0.0       0.0         0.0        1.0        0.0        0.0        0.0
   28        0.0       0.0         0.0        0.0        0.0        0.0        0.0
   29        0.0       0.0         0.0        0.0        0.0        0.0        0.0
   30       21.0       0.0         0.0        0.0     4050.0        0.0        0.0
   31       96.0       0.0         0.0        0.0        0.0        0.0        0.0
   32        0.0       0.0         0.0        0.0        0.0        0.0        0.0
   33        0.0       0.0         0.0        5.0        0.0        0.0        0.0
   34        0.0       0.0         0.0        0.0        0.0        0.0        0.0
   35        0.0       0.0         0.0        0.0        0.0        0.0        0.0
   36        0.0       0.0         0.0        0.0        0.0        0.0        0.0
   37       26.0       0.0         0.0        4.0        0.0        0.0        0.0
   38        0.0       0.0         0.0        1.0        0.0        0.0        0.0
   39        0.0       0.0         0.0        2.0      162.0        0.0        0.0
   40        0.0       0.0         0.0        4.0      259.0        0.0        0.0
   41        0.0       0.0         0.0        1.0        0.0        0.0        0.0
   42        0.0       0.0         0.0        0.0        0.0        0.0        0.0
   43       15.0       0.0         0.0        1.0        0.0        0.0        0.0
   44        0.0       0.0         0.0        2.0        0.0        0.0        0.0
   45        7.0       0.0         0.0        1.0        0.0        0.0        0.0
   46        0.0       0.0         0.0        0.0        0.0        0.0        0.0
   47        0.0       0.0         0.0        0.0        0.0        0.0        0.0
   48       17.0       0.0         0.0        0.0       40.0        0.0        0.0
   49        6.0       0.0         0.0        0.0        0.0        0.0        0.0
TOTAL      203.0       4.0         0.0       50.0     7798.0        0.0        0.0

INFRAESTRUCTURA EN OPERACIÓN POR AÑO
--------------------------------------------------
 Año  Solar Peq  Solar Gr  Eólica Peq  Eólica Gr  Bat Litio  Bat Plomo  Bat Flujo
   0        0.0       0.0         0.0        0.0        0.0        0.0        0.0
   1        0.0       3.0         0.0       10.0     1123.0        0.0        0.0
   2        0.0       3.0         0.0       10.0     1123.0        0.0        0.0
   3        0.0       3.0         0.0       10.0     1123.0        0.0        0.0
   4        0.0       3.0         0.0       10.0     1123.0        0.0        0.0
   5        0.0       3.0         0.0       10.0     1123.0        0.0        0.0
   6        0.0       3.0         0.0       10.0     1123.0        0.0        0.0
   7        0.0       3.0         0.0       10.0     1123.0        0.0        0.0
   8        0.0       3.0         0.0       10.0     1123.0        0.0        0.0
   9        0.0       3.0         0.0       10.0     1123.0        0.0        0.0
  10        0.0       4.0         0.0       13.0     2404.0        0.0        0.0
  11        0.0       4.0         0.0       13.0     2404.0        0.0        0.0
  12        0.0       4.0         0.0       15.0     3287.0        0.0        0.0
  13        0.0       4.0         0.0       15.0     3287.0        0.0        0.0
  14        0.0       4.0         0.0       15.0     3287.0        0.0        0.0
  15        0.0       4.0         0.0       15.0     3287.0        0.0        0.0
  16        0.0       4.0         0.0       15.0     3287.0        0.0        0.0
  17        0.0       4.0         0.0       15.0     3287.0        0.0        0.0
  18        0.0       4.0         0.0       15.0     3287.0        0.0        0.0
  19        0.0       4.0         0.0       15.0     3287.0        0.0        0.0
  20        0.0       4.0         0.0       15.0     2728.0        0.0        0.0
  21        7.0       4.0         0.0       15.0     2164.0        0.0        0.0
  22       15.0       4.0         0.0       15.0     2164.0        0.0        0.0
  23       15.0       4.0         0.0       15.0     2164.0        0.0        0.0
  24       15.0       4.0         0.0       15.0     2164.0        0.0        0.0
  25       15.0       4.0         0.0       16.0     2164.0        0.0        0.0
  26       15.0       4.0         0.0       18.0     2164.0        0.0        0.0
  27       15.0       4.0         0.0       19.0     2164.0        0.0        0.0
  28       15.0       4.0         0.0       19.0     2164.0        0.0        0.0
  29       15.0       4.0         0.0       19.0     2164.0        0.0        0.0
  30       36.0       3.0         0.0       19.0     4933.0        0.0        0.0
  31      132.0       1.0         0.0       19.0     4933.0        0.0        0.0
  32      132.0       1.0         0.0       19.0     4050.0        0.0        0.0
  33      132.0       1.0         0.0       24.0     4050.0        0.0        0.0
  34      132.0       1.0         0.0       24.0     4050.0        0.0        0.0
  35      132.0       1.0         0.0       21.0     4050.0        0.0        0.0
  36      132.0       1.0         0.0       21.0     4050.0        0.0        0.0
  37      158.0       1.0         0.0       23.0     4050.0        0.0        0.0
  38      158.0       1.0         0.0       24.0     4050.0        0.0        0.0
  39      158.0       1.0         0.0       26.0     4212.0        0.0        0.0
  40      158.0       0.0         0.0       30.0     4471.0        0.0        0.0
  41      158.0       0.0         0.0       31.0     4471.0        0.0        0.0
  42      158.0       0.0         0.0       31.0     4471.0        0.0        0.0
  43      173.0       0.0         0.0       32.0     4471.0        0.0        0.0
  44      173.0       0.0         0.0       34.0     4471.0        0.0        0.0
  45      180.0       0.0         0.0       35.0     4471.0        0.0        0.0
  46      180.0       0.0         0.0       35.0     4471.0        0.0        0.0
  47      180.0       0.0         0.0       35.0     4471.0        0.0        0.0
  48      197.0       0.0         0.0       35.0     4511.0        0.0        0.0
  49      203.0       0.0         0.0       35.0     4511.0        0.0        0.0

 PRODUCCIÓN DE ENERGÍA VS DEMANDA
--------------------------------------------------
 Año Producción (kWh) Demanda (kWh) Cumplimiento
   0                0   158,314,691         0.0%
   1      218,856,000   163,681,559       133.7%
   2      218,856,000   169,230,364       129.3%
   3      218,856,000   174,967,273       125.1%
   4      218,856,000   180,898,664       121.0%
   5      218,856,000   187,031,128       117.0%
   6      218,856,000   193,371,484       113.2%
   7      218,856,000   199,926,777       109.5%
   8      218,856,000   206,704,295       105.9%
   9      218,856,000   213,711,570       102.4%
  10      309,670,000   220,956,393       140.1%
  11      309,670,000   228,446,814       135.6%
  12      336,670,000   236,191,161       142.5%
  13      336,670,000   244,198,042       137.9%
  14      336,670,000   252,476,355       133.3%
  15      336,670,000   261,035,304       129.0%
  16      336,670,000   269,884,401       124.7%
  17      336,670,000   279,033,482       120.7%
  18      336,670,000   288,492,717       116.7%
  19      336,670,000   298,272,620       112.9%
  20      336,670,000   308,384,062       109.2%
  21      345,959,000   318,838,281       108.5%
  22      356,575,000   329,646,899       108.2%
  23      356,575,000   340,821,929       104.6%
  24      356,575,000   352,375,792       101.2%
  25      373,575,000   364,321,332       102.5%
  26      400,575,000   376,671,825       106.3%
  27      417,575,000   389,441,000       107.2%
  28      417,575,000   402,643,050       103.7%
  29      417,575,000   416,292,649       100.3%
  30      432,171,000   430,404,970       100.4%
  31      506,478,000   444,995,698       113.8%
  32      506,478,000   460,081,052       110.1%
  33      591,478,000   475,677,800       124.3%
  34      591,478,000   491,803,278       120.3%
  35      540,478,000   508,475,409       106.3%
  36      540,478,000   525,712,725       102.8%
  37      615,980,000   543,534,386       113.3%
  38      632,980,000   561,960,202       112.6%
  39      666,980,000   581,010,653       114.8%
  40      681,166,000   600,706,914       113.4%
  41      698,166,000   621,070,878       112.4%
  42      698,166,000   642,125,181       108.7%
  43      731,571,000   663,893,225       110.2%
  44      758,571,000   686,399,205       110.5%
  45      781,360,000   709,668,138       110.1%
  46      781,360,000   733,725,888       106.5%
  47      781,360,000   758,599,196       103.0%
  48      803,919,000   784,315,708       102.5%
  49      811,881,000   810,904,011       100.1%

USO DE TERRENOS
--------------------------------------------------
 Año Terreno 0 - Uso Terreno 0 - Arrendado Terreno 1 - Uso Terreno 1 - Arrendado
   0            3 u.                    Sí          564 u.                    Sí
   1        1,139 u.                    Sí          566 u.                    Sí
   2          571 u.                    Sí          565 u.                    Sí
   3          571 u.                    Sí          565 u.                    Sí
   4          571 u.                    Sí          565 u.                    Sí
   5          571 u.                    Sí          565 u.                    Sí
   6          571 u.                    Sí          565 u.                    Sí
   7          571 u.                    Sí          565 u.                    Sí
   8          571 u.                    Sí          565 u.                    Sí
   9          571 u.                    Sí          565 u.                    Sí
  10        2,665 u.                    Sí        1,041 u.                    Sí
  11        1,618 u.                    Sí          803 u.                    Sí
  12        1,618 u.                    Sí        2,573 u.                    Sí
  13        1,618 u.                    Sí        1,688 u.                    Sí
  14        1,618 u.                    Sí        1,688 u.                    Sí
  15        1,618 u.                    Sí        1,688 u.                    Sí
  16        1,618 u.                    Sí        1,688 u.                    Sí
  17        1,618 u.                    Sí        1,688 u.                    Sí
  18        1,618 u.                    Sí        1,688 u.                    Sí
  19        1,618 u.                    Sí        1,688 u.                    Sí
  20        1,618 u.                    Sí        1,129 u.                    Sí
  21        1,054 u.                    Sí        1,143 u.                    Sí
  22        1,070 u.                    Sí        1,136 u.                    Sí
  23        1,062 u.                    Sí        1,136 u.                    Sí
  24        1,062 u.                    Sí        1,136 u.                    Sí
  25        1,066 u.                    Sí        1,141 u.                    Sí
  26        1,066 u.                    Sí        1,140 u.                    Sí
  27        1,065 u.                    Sí        1,138 u.                    Sí
  28        1,064 u.                    Sí        1,138 u.                    Sí
  29        1,064 u.                    Sí        1,138 u.                    Sí
  30        3,147 u.                    Sí        5,915 u.                    Sí
  31        1,582 u.                    Sí        3,599 u.                    Sí
  32        1,582 u.                    Sí        2,620 u.                    Sí
  33        1,592 u.                    Sí        2,620 u.                    Sí
  34        1,587 u.                    Sí        2,620 u.                    Sí
  35        1,584 u.                    Sí        2,620 u.                    Sí
  36        1,584 u.                    Sí        2,620 u.                    Sí
  37        1,592 u.                    Sí        2,670 u.                    Sí
  38        1,590 u.                    Sí        2,644 u.                    Sí
  39        1,917 u.                    Sí        2,644 u.                    Sí
  40        2,271 u.                    Sí        2,651 u.                    Sí
  41        2,014 u.                    Sí        2,647 u.                    Sí
  42        2,013 u.                    Sí        2,647 u.                    Sí
  43        2,043 u.                    Sí        2,649 u.                    Sí
  44        2,028 u.                    Sí        2,652 u.                    Sí
  45        2,042 u.                    Sí        2,652 u.                    Sí
  46        2,035 u.                    Sí        2,651 u.                    Sí
  47        2,035 u.                    Sí        2,651 u.                    Sí
  48        2,123 u.                    Sí        2,677 u.                    Sí
  49        2,083 u.                    Sí        2,672 u.                    Sí

ALMACENAMIENTO EN BATERÍAS (Día 1 de cada año)
--------------------------------------------------
 Año Capacidad Total Energía Almacenada Porcentaje Uso
   0           0 kWh              0 kWh           0.0%
   1     258,290 kWh        242,859 kWh          94.0%
   2     258,290 kWh        242,859 kWh          94.0%
   3     258,290 kWh        242,859 kWh          94.0%
   4     258,290 kWh        242,859 kWh          94.0%
   5     258,290 kWh        242,859 kWh          94.0%
   6     258,290 kWh        242,859 kWh          94.0%
   7     258,290 kWh        242,859 kWh          94.0%
   8     258,290 kWh        242,859 kWh          94.0%
   9     258,290 kWh        242,859 kWh          94.0%
  10     552,920 kWh        188,667 kWh          34.1%
  11     552,920 kWh        188,667 kWh          34.1%
  12     756,010 kWh        188,600 kWh          24.9%
  13     756,010 kWh        188,600 kWh          24.9%
  14     756,010 kWh        188,600 kWh          24.9%
  15     756,010 kWh        188,600 kWh          24.9%
  16     756,010 kWh        188,600 kWh          24.9%
  17     756,010 kWh        188,600 kWh          24.9%
  18     756,010 kWh        188,600 kWh          24.9%
  19     756,010 kWh        188,600 kWh          24.9%
  20     627,440 kWh        162,886 kWh          26.0%
  21     497,720 kWh        497,720 kWh         100.0%
  22     497,720 kWh        497,720 kWh         100.0%
  23     497,720 kWh        497,720 kWh         100.0%
  24     497,720 kWh        497,720 kWh         100.0%
  25     497,720 kWh        497,720 kWh         100.0%
  26     497,720 kWh         99,544 kWh          20.0%
  27     497,720 kWh         99,544 kWh          20.0%
  28     497,720 kWh         99,544 kWh          20.0%
  29     497,720 kWh         99,544 kWh          20.0%
  30   1,134,590 kWh        226,918 kWh          20.0%
  31   1,134,590 kWh      1,134,590 kWh         100.0%
  32     931,500 kWh        931,500 kWh         100.0%
  33     931,500 kWh        186,300 kWh          20.0%
  34     931,500 kWh        186,300 kWh          20.0%
  35     931,500 kWh        931,500 kWh         100.0%
  36     931,500 kWh        931,500 kWh         100.0%
  37     931,500 kWh        186,300 kWh          20.0%
  38     931,500 kWh        186,300 kWh          20.0%
  39     968,760 kWh        193,752 kWh          20.0%
  40   1,028,330 kWh        205,666 kWh          20.0%
  41   1,028,330 kWh        205,666 kWh          20.0%
  42   1,028,330 kWh        205,666 kWh          20.0%
  43   1,028,330 kWh        205,666 kWh          20.0%
  44   1,028,330 kWh        205,666 kWh          20.0%
  45   1,028,330 kWh        205,666 kWh          20.0%
  46   1,028,330 kWh        205,666 kWh          20.0%
  47   1,028,330 kWh        205,666 kWh          20.0%
  48   1,037,530 kWh        207,506 kWh          20.0%
  49   1,037,530 kWh        207,506 kWh          20.0%

DIVERSIFICACIÓN ENERGÉTICA (Año 10)
--------------------------------------------------
• Producción Solar: 106,170,000 kWh (34.3%)
• Producción Eólica: 203,500,000 kWh (65.7%)

INVERSIÓN POR TIPO DE TECNOLOGÍA
--------------------------------------------------
• Solar Peq: $19,102,300 (4.6%)
• Solar Gr: $9,252,000 (2.2%)
• Eólica Peq: $0 (0.0%)
• Eólica Gr: $373,500,000 (90.2%)
• Bat Litio: $12,133,688 (2.9%)
• Bat Plomo: $0 (0.0%)
• Bat Flujo: $0 (0.0%)

VERIFICACIÓN DE FACTIBILIDAD
--------------------------------------------------
• Presupuesto: $414,255,288 / $450,000,000
• Año 3: Producción 218,856,000 ≥ Demanda 174,967,273
• Año 10: Producción 309,670,000 ≥ Demanda 220,956,393
• Año 15: Producción 336,670,000 ≥ Demanda 261,035,304
• Terreno 0, Año 0: 157,200/550,000 u²
• Terreno 0, Año 10: 491,946/550,000 u²
• Terreno 0, Año 15: 415,882/550,000 u²
• Terreno 1, Año 0: 126,418/550,000 u²
• Terreno 1, Año 10: 446,660/550,000 u²
• Terreno 1, Año 15: 390,654/550,000 u²

RECOMENDACIONES ESTRATÉGICAS
--------------------------------------------------
• Tecnología más construída: Batería Litio
• Total unidades: 7798.0
• Años de primera construcción:
  - Solar Pequeña: Año 21
  - Solar Grande: Año 0
  - Eólica Grande: Año 0
  - Batería Litio: Año 0

================================================================================
ANÁLISIS COMPLETADO EXITOSAMENTE
================================================================================
