
================================================================================
ANÁLISIS COMPLETO DE RESULTADOS
================================================================================

RESUMEN EJECUTIVO
--------------------------------------------------
• Inversión total infraestructura: $429,038,668 USD
• Costo arriendo total: $267,300 USD
• Emisiones totales de CO2: 1,306,107,800 kgCO2
• Energía total producida: 20,061,326,430 kWh
• Presupuesto utilizado: 95.4%

INFRAESTRUCTURA CONSTRUIDA POR AÑO
--------------------------------------------------
  Año  Solar Peq  Solar Gr  Eólica Peq  Eólica Gr  Bat Litio  Bat Plomo  Bat Flujo
    0        0.0       3.0         0.0        4.0      564.0        0.0        0.0
    1        0.0       0.0         0.0        6.0      559.0        0.0        0.0
    2        0.0       0.0         0.0        0.0        0.0        0.0        0.0
    3        0.0       0.0         0.0        0.0        0.0        0.0        0.0
    4        0.0       0.0         0.0        0.0        0.0        0.0        0.0
    5        0.0       0.0         0.0        0.0        0.0        0.0        0.0
    6        0.0       0.0         0.0        0.0        0.0        0.0        0.0
    7        0.0       0.0         0.0        0.0        0.0        0.0        0.0
    8        0.0       0.0         0.0        0.0        0.0        0.0        0.0
    9        0.0       0.0         0.0        0.0        0.0        0.0        0.0
   10        0.0       1.0         0.0        0.0      702.0        0.0        0.0
   11        0.0       1.0         0.0        1.0        0.0        0.0        0.0
   12        0.0       0.0         0.0        0.0        0.0        0.0        0.0
   13        0.0       0.0         0.0        0.0      692.0        0.0        0.0
   14        0.0       0.0         0.0        4.0        0.0        0.0        0.0
   15        0.0       0.0         0.0        0.0        0.0        0.0        0.0
   16        0.0       0.0         0.0        1.0        0.0        0.0        0.0
   17        0.0       0.0         0.0        0.0        0.0        0.0        0.0
   18        0.0       0.0         0.0        0.0        0.0        0.0        0.0
   19        0.0       0.0         0.0        0.0        0.0        0.0        0.0
   20        0.0       0.0         0.0        0.0        0.0        0.0        0.0
   21        0.0       0.0         0.0        0.0      559.0        0.0        0.0
   22        0.0       0.0         0.0        0.0        0.0        0.0        0.0
   23        0.0       0.0         0.0        0.0      193.0        0.0        0.0
   24        1.0       0.0         0.0        0.0        0.0        0.0        0.0
   25        0.0       0.0         0.0        5.0        0.0        0.0        0.0
   26        0.0       0.0         0.0        7.0        0.0        0.0        0.0
   27        4.0       0.0         0.0        0.0        0.0        0.0        0.0
   28        0.0       0.0         0.0        1.0        0.0        0.0        0.0
   29        0.0       0.0         0.0        1.0        0.0        0.0        0.0
   30       69.0       0.0         0.0        0.0     2239.0        0.0        0.0
   31        1.0       0.0         0.0        1.0        1.0        0.0        0.0
   32        0.0       0.0         0.0        0.0        0.0        0.0        0.0
   33        0.0       0.0         0.0        1.0     2150.0        0.0        0.0
   34       13.0       0.0         0.0        0.0        0.0        0.0        0.0
   35        0.0       0.0         0.0        4.0        0.0        0.0        0.0
   36        0.0       0.0         0.0        0.0        0.0        0.0        0.0
   37        1.0       0.0         0.0        0.0        0.0        0.0        0.0
   38        0.0       0.0         0.0        1.0        0.0        0.0        0.0
   39       29.0       0.0         0.0        3.0        0.0        0.0        0.0
   40        1.0       0.0         0.0        2.0        0.0        0.0        0.0
   41        0.0       1.0         0.0        1.0        0.0        0.0        0.0
   42        0.0       0.0         0.0        1.0        0.0        0.0        0.0
   43       12.0       0.0         0.0        2.0        0.0        0.0        0.0
   44        0.0       0.0         0.0        1.0        0.0        0.0        0.0
   45        5.0       0.0         0.0        0.0        0.0        0.0        0.0
   46       10.0       0.0         0.0        3.0        0.0        0.0        0.0
   47        5.0       0.0         0.0        1.0        0.0        0.0        0.0
   48        1.0       0.0         0.0        1.0        0.0        0.0        0.0
   49        5.0       0.0         0.0        0.0       19.0        0.0        0.0
TOTAL      157.0       6.0         0.0       52.0     7678.0        0.0        0.0

INFRAESTRUCTURA EN OPERACIÓN POR AÑO
--------------------------------------------------
 Año  Solar Peq  Solar Gr  Eólica Peq  Eólica Gr  Bat Litio  Bat Plomo  Bat Flujo
   0        0.0       0.0         0.0        0.0        0.0        0.0        0.0
   1        0.0       3.0         0.0       10.0     1123.0        0.0        0.0
   2        0.0       3.0         0.0       10.0     1123.0        0.0        0.0
   3        0.0       3.0         0.0       10.0     1123.0        0.0        0.0
   4        0.0       3.0         0.0       10.0     1123.0        0.0        0.0
   5        0.0       3.0         0.0       10.0     1123.0        0.0        0.0
   6        0.0       3.0         0.0       10.0     1123.0        0.0        0.0
   7        0.0       3.0         0.0       10.0     1123.0        0.0        0.0
   8        0.0       3.0         0.0       10.0     1123.0        0.0        0.0
   9        0.0       3.0         0.0       10.0     1123.0        0.0        0.0
  10        0.0       4.0         0.0       10.0     1825.0        0.0        0.0
  11        0.0       5.0         0.0       11.0     1825.0        0.0        0.0
  12        0.0       5.0         0.0       11.0     1825.0        0.0        0.0
  13        0.0       5.0         0.0       11.0     2517.0        0.0        0.0
  14        0.0       5.0         0.0       15.0     2517.0        0.0        0.0
  15        0.0       5.0         0.0       15.0     2517.0        0.0        0.0
  16        0.0       5.0         0.0       16.0     2517.0        0.0        0.0
  17        0.0       5.0         0.0       16.0     2517.0        0.0        0.0
  18        0.0       5.0         0.0       16.0     2517.0        0.0        0.0
  19        0.0       5.0         0.0       16.0     2517.0        0.0        0.0
  20        0.0       5.0         0.0       16.0     1953.0        0.0        0.0
  21        0.0       5.0         0.0       16.0     1953.0        0.0        0.0
  22        0.0       5.0         0.0       16.0     1953.0        0.0        0.0
  23        0.0       5.0         0.0       16.0     2146.0        0.0        0.0
  24        1.0       5.0         0.0       16.0     2146.0        0.0        0.0
  25        1.0       5.0         0.0       17.0     2146.0        0.0        0.0
  26        1.0       5.0         0.0       18.0     2146.0        0.0        0.0
  27        5.0       5.0         0.0       18.0     2146.0        0.0        0.0
  28        5.0       5.0         0.0       19.0     2146.0        0.0        0.0
  29        5.0       5.0         0.0       20.0     2146.0        0.0        0.0
  30       74.0       2.0         0.0       20.0     3683.0        0.0        0.0
  31       75.0       2.0         0.0       21.0     3684.0        0.0        0.0
  32       75.0       2.0         0.0       21.0     3684.0        0.0        0.0
  33       75.0       2.0         0.0       22.0     5142.0        0.0        0.0
  34       88.0       2.0         0.0       22.0     5142.0        0.0        0.0
  35       88.0       2.0         0.0       26.0     5142.0        0.0        0.0
  36       88.0       2.0         0.0       25.0     5142.0        0.0        0.0
  37       89.0       2.0         0.0       25.0     5142.0        0.0        0.0
  38       89.0       2.0         0.0       26.0     5142.0        0.0        0.0
  39      118.0       2.0         0.0       25.0     5142.0        0.0        0.0
  40      119.0       1.0         0.0       27.0     5142.0        0.0        0.0
  41      119.0       1.0         0.0       27.0     4583.0        0.0        0.0
  42      119.0       1.0         0.0       28.0     4583.0        0.0        0.0
  43      131.0       1.0         0.0       30.0     4390.0        0.0        0.0
  44      131.0       1.0         0.0       31.0     4390.0        0.0        0.0
  45      136.0       1.0         0.0       31.0     4390.0        0.0        0.0
  46      146.0       1.0         0.0       34.0     4390.0        0.0        0.0
  47      151.0       1.0         0.0       35.0     4390.0        0.0        0.0
  48      152.0       1.0         0.0       36.0     4390.0        0.0        0.0
  49      157.0       1.0         0.0       36.0     4409.0        0.0        0.0

 PRODUCCIÓN DE ENERGÍA VS DEMANDA
--------------------------------------------------
 Año Producción (kWh) Demanda (kWh) Cumplimiento
   0                0   158,314,691         0.0%
   1      218,856,000   163,681,559       133.7%
   2      218,856,000   169,230,364       129.3%
   3      218,856,000   174,967,273       125.1%
   4      218,856,000   180,898,664       121.0%
   5      218,856,000   187,031,128       117.0%
   6      218,856,000   193,371,484       113.2%
   7      218,856,000   199,926,777       109.5%
   8      218,856,000   206,704,295       105.9%
   9      218,856,000   213,711,570       102.4%
  10      232,127,000   220,956,393       105.1%
  11      285,441,000   228,446,814       124.9%
  12      285,441,000   236,191,161       120.9%
  13      285,441,000   244,198,042       116.9%
  14      339,441,000   252,476,355       134.4%
  15      339,441,000   261,035,304       130.0%
  16      352,941,000   269,884,401       130.8%
  17      352,941,000   279,033,482       126.5%
  18      352,941,000   288,492,717       122.3%
  19      352,941,000   298,272,620       118.3%
  20      352,941,000   308,384,062       114.4%
  21      352,941,000   318,838,281       110.7%
  22      352,941,000   329,646,899       107.1%
  23      352,941,000   340,821,929       103.6%
  24      354,268,000   352,375,792       100.5%
  25      371,268,000   364,321,332       101.9%
  26      384,768,000   376,671,825       102.1%
  27      390,076,000   389,441,000       100.2%
  28      403,576,000   402,643,050       100.2%
  29      417,076,000   416,292,649       100.2%
  30      442,283,000   430,404,970       102.8%
  31      460,610,000   444,995,698       103.5%
  32      460,610,000   460,081,052       100.1%
  33      477,610,000   475,677,800       100.4%
  34      494,861,000   491,803,278       100.6%
  35      562,861,000   508,475,409       110.7%
  36      549,361,000   525,712,725       104.5%
  37      550,688,000   543,534,386       101.3%
  38      564,188,000   561,960,202       100.4%
  39      599,671,000   581,010,653       103.2%
  40      621,727,000   600,706,914       103.5%
  41      625,227,000   621,070,878       100.7%
  42      642,227,000   642,125,181       100.0%
  43      692,151,000   663,893,225       104.3%
  44      709,151,000   686,399,205       103.3%
  45      715,786,000   709,668,138       100.9%
  46      769,556,000   733,725,888       104.9%
  47      789,691,000   758,599,196       104.1%
  48      804,518,000   784,315,708       102.6%
  49      811,153,000   810,904,011       100.0%

USO DE TERRENOS
--------------------------------------------------
 Año Terreno 0 - Uso Terreno 0 - Arrendado Terreno 1 - Uso Terreno 1 - Arrendado
   0          566 u.                    Sí            5 u.                    Sí
   1          576 u.                    Sí        1,125 u.                    Sí
   2          571 u.                    Sí          565 u.                    Sí
   3          571 u.                    Sí          565 u.                    Sí
   4          571 u.                    Sí          565 u.                    Sí
   5          571 u.                    Sí          565 u.                    Sí
   6          571 u.                    Sí          565 u.                    Sí
   7          571 u.                    Sí          565 u.                    Sí
   8          571 u.                    Sí          565 u.                    Sí
   9          571 u.                    Sí          565 u.                    Sí
  10          731 u.                    Sí        1,811 u.                    Sí
  11          651 u.                    Sí        1,192 u.                    Sí
  12          651 u.                    Sí        1,190 u.                    Sí
  13        2,035 u.                    Sí        1,190 u.                    Sí
  14        1,343 u.                    Sí        1,198 u.                    Sí
  15        1,343 u.                    Sí        1,194 u.                    Sí
  16        1,343 u.                    Sí        1,196 u.                    Sí
  17        1,343 u.                    Sí        1,195 u.                    Sí
  18        1,343 u.                    Sí        1,195 u.                    Sí
  19        1,343 u.                    Sí        1,195 u.                    Sí
  20          779 u.                    Sí        1,195 u.                    Sí
  21          779 u.                    Sí        1,754 u.                    Sí
  22          779 u.                    Sí        1,195 u.                    Sí
  23          779 u.                    Sí        1,581 u.                    Sí
  24          781 u.                    Sí        1,388 u.                    Sí
  25          782 u.                    Sí        1,392 u.                    Sí
  26          786 u.                    Sí        1,391 u.                    Sí
  27          789 u.                    Sí        1,389 u.                    Sí
  28          785 u.                    Sí        1,391 u.                    Sí
  29          785 u.                    Sí        1,392 u.                    Sí
  30          706 u.                    Sí        5,381 u.                    Sí
  31          709 u.                    Sí        3,076 u.                    Sí
  32          707 u.                    Sí        3,075 u.                    Sí
  33        4,317 u.                    Sí        3,075 u.                    Sí
  34        2,192 u.                    Sí        3,075 u.                    Sí
  35        2,187 u.                    Sí        3,075 u.                    Sí
  36        2,183 u.                    Sí        3,074 u.                    Sí
  37        2,183 u.                    Sí        3,076 u.                    Sí
  38        2,183 u.                    Sí        3,077 u.                    Sí
  39        2,189 u.                    Sí        3,130 u.                    Sí
  40        2,189 u.                    Sí        3,103 u.                    Sí
  41        2,189 u.                    Sí        2,543 u.                    Sí
  42        2,190 u.                    Sí        2,542 u.                    Sí
  43        2,193 u.                    Sí        2,373 u.                    Sí
  44        2,193 u.                    Sí        2,361 u.                    Sí
  45        2,202 u.                    Sí        2,361 u.                    Sí
  46        2,217 u.                    Sí        2,367 u.                    Sí
  47        2,217 u.                    Sí        2,366 u.                    Sí
  48        2,214 u.                    Sí        2,367 u.                    Sí
  49        2,255 u.                    Sí        2,372 u.                    Sí

ALMACENAMIENTO EN BATERÍAS (Día 1 de cada año)
--------------------------------------------------
 Año Capacidad Total Energía Almacenada Porcentaje Uso
   0           0 kWh              0 kWh           0.0%
   1     258,290 kWh        242,859 kWh          94.0%
   2     258,290 kWh        242,859 kWh          94.0%
   3     258,290 kWh        242,859 kWh          94.0%
   4     258,290 kWh        242,859 kWh          94.0%
   5     258,290 kWh        242,859 kWh          94.0%
   6     258,290 kWh        242,859 kWh          94.0%
   7     258,290 kWh        242,859 kWh          94.0%
   8     258,290 kWh        242,859 kWh          94.0%
   9     258,290 kWh        242,859 kWh          94.0%
  10     419,750 kWh        263,062 kWh          62.7%
  11     419,750 kWh        419,750 kWh         100.0%
  12     419,750 kWh        419,750 kWh         100.0%
  13     578,910 kWh        238,282 kWh          41.2%
  14     578,910 kWh        578,910 kWh         100.0%
  15     578,910 kWh        578,910 kWh         100.0%
  16     578,910 kWh        578,910 kWh         100.0%
  17     578,910 kWh        578,910 kWh         100.0%
  18     578,910 kWh        578,910 kWh         100.0%
  19     578,910 kWh        578,910 kWh         100.0%
  20     449,190 kWh        449,190 kWh         100.0%
  21     449,190 kWh        449,190 kWh         100.0%
  22     449,190 kWh        449,190 kWh         100.0%
  23     493,580 kWh        493,580 kWh         100.0%
  24     493,580 kWh        493,580 kWh         100.0%
  25     493,580 kWh        493,580 kWh         100.0%
  26     493,580 kWh        493,580 kWh         100.0%
  27     493,580 kWh        493,580 kWh         100.0%
  28     493,580 kWh         98,716 kWh          20.0%
  29     493,580 kWh         98,716 kWh          20.0%
  30     847,090 kWh        847,090 kWh         100.0%
  31     847,320 kWh        847,320 kWh         100.0%
  32     847,320 kWh        847,320 kWh         100.0%
  33   1,182,660 kWh        236,532 kWh          20.0%
  34   1,182,660 kWh        236,532 kWh          20.0%
  35   1,182,660 kWh      1,182,660 kWh         100.0%
  36   1,182,660 kWh      1,182,660 kWh         100.0%
  37   1,182,660 kWh      1,182,660 kWh         100.0%
  38   1,182,660 kWh      1,182,660 kWh         100.0%
  39   1,182,660 kWh      1,182,660 kWh         100.0%
  40   1,182,660 kWh      1,182,660 kWh         100.0%
  41   1,054,090 kWh        210,818 kWh          20.0%
  42   1,054,090 kWh        210,818 kWh          20.0%
  43   1,009,700 kWh        201,940 kWh          20.0%
  44   1,009,700 kWh        201,940 kWh          20.0%
  45   1,009,700 kWh        201,940 kWh          20.0%
  46   1,009,700 kWh        201,940 kWh          20.0%
  47   1,009,700 kWh        201,940 kWh          20.0%
  48   1,009,700 kWh        201,940 kWh          20.0%
  49   1,014,070 kWh        202,814 kWh          20.0%

DIVERSIFICACIÓN ENERGÉTICA (Año 10)
--------------------------------------------------
• Producción Solar: 79,627,000 kWh (34.3%)
• Producción Eólica: 152,500,000 kWh (65.7%)

INVERSIÓN POR TIPO DE TECNOLOGÍA
--------------------------------------------------
• Solar Peq: $14,773,700 (3.4%)
• Solar Gr: $13,878,000 (3.2%)
• Eólica Peq: $0 (0.0%)
• Eólica Gr: $388,440,000 (90.5%)
• Bat Litio: $11,946,968 (2.8%)
• Bat Plomo: $0 (0.0%)
• Bat Flujo: $0 (0.0%)

VERIFICACIÓN DE FACTIBILIDAD
--------------------------------------------------
• Presupuesto: $429,305,968 / $450,000,000
• Año 3: Producción 218,856,000 ≥ Demanda 174,967,273
• Año 10: Producción 232,127,000 ≥ Demanda 220,956,393
• Año 15: Producción 339,441,000 ≥ Demanda 261,035,304
• Terreno 0, Año 0: 213,569/600,000 u²
• Terreno 0, Año 10: 553,267/600,000 u²
• Terreno 0, Año 15: 446,750/600,000 u²
• Terreno 1, Año 0: 207,700/600,000 u²
• Terreno 1, Año 10: 233,492/600,000 u²
• Terreno 1, Año 15: 466,255/600,000 u²

RECOMENDACIONES ESTRATÉGICAS
--------------------------------------------------
• Tecnología más construída: Batería Litio
• Total unidades: 7678.0
• Años de primera construcción:
  - Solar Pequeña: Año 24
  - Solar Grande: Año 0
  - Eólica Grande: Año 0
  - Batería Litio: Año 0

================================================================================
ANÁLISIS COMPLETADO EXITOSAMENTE
================================================================================
