
================================================================================
ANÁLISIS COMPLETO DE RESULTADOS
================================================================================

RESUMEN EJECUTIVO
--------------------------------------------------
• Inversión total infraestructura: $421,781,904 USD
• Costo arriendo total: $267,300 USD
• Emisiones totales de CO2: 1,302,188,780 kgCO2
• Energía total producida: 20,061,326,430 kWh
• Presupuesto utilizado: 93.8%

INFRAESTRUCTURA CONSTRUIDA POR AÑO
--------------------------------------------------
  Año  Solar Peq  Solar Gr  Eólica Peq  Eólica Gr  Bat Litio  Bat Plomo  Bat Flujo
    0        0.0       3.0         0.0        4.0      564.0        0.0        0.0
    1        0.0       0.0         0.0        6.0      559.0        0.0        0.0
    2        0.0       0.0         0.0        0.0        0.0        0.0        0.0
    3        0.0       0.0         0.0        0.0        0.0        0.0        0.0
    4        0.0       0.0         0.0        0.0        0.0        0.0        0.0
    5        0.0       0.0         0.0        0.0        0.0        0.0        0.0
    6        0.0       0.0         0.0        0.0        0.0        0.0        0.0
    7        0.0       0.0         0.0        0.0        0.0        0.0        0.0
    8        0.0       0.0         0.0        0.0        0.0        0.0        0.0
    9        0.0       0.0         0.0        0.0        0.0        0.0        0.0
   10        0.0       1.0         0.0        3.0      430.0        0.0        0.0
   11        0.0       0.0         0.0        2.0     1652.0        0.0        0.0
   12        0.0       0.0         0.0        0.0        0.0        0.0        0.0
   13        0.0       0.0         0.0        0.0        0.0        0.0        0.0
   14        0.0       0.0         0.0        0.0        0.0        0.0        0.0
   15        0.0       0.0         0.0        0.0        0.0        0.0        0.0
   16        0.0       1.0         0.0        1.0        0.0        0.0        0.0
   17        0.0       0.0         0.0        0.0        0.0        0.0        0.0
   18        0.0       0.0         0.0        0.0        0.0        0.0        0.0
   19        0.0       0.0         0.0        0.0        0.0        0.0        0.0
   20        0.0       0.0         0.0        0.0        0.0        0.0        0.0
   21        0.0       0.0         0.0        0.0        0.0        0.0        0.0
   22        5.0       0.0         0.0        0.0        0.0        0.0        0.0
   23        0.0       0.0         0.0        0.0        0.0        0.0        0.0
   24        0.0       0.0         0.0        0.0        0.0        0.0        0.0
   25        0.0       0.0         0.0        5.0        0.0        0.0        0.0
   26        0.0       0.0         0.0        8.0        0.0        0.0        0.0
   27        0.0       0.0         0.0        0.0        0.0        0.0        0.0
   28        0.0       0.0         0.0        0.0        0.0        0.0        0.0
   29        0.0       0.0         0.0        1.0       64.0        0.0        0.0
   30       76.0       0.0         0.0        0.0      914.0        0.0        0.0
   31        0.0       0.0         0.0        0.0     1494.0        0.0        0.0
   32        0.0       0.0         0.0        1.0      891.0        0.0        0.0
   33        0.0       0.0         0.0        2.0      308.0        0.0        0.0
   34        0.0       0.0         0.0        0.0        0.0        0.0        0.0
   35        0.0       0.0         0.0        4.0        0.0        0.0        0.0
   36        0.0       1.0         0.0        1.0        0.0        0.0        0.0
   37        0.0       0.0         0.0        3.0        0.0        0.0        0.0
   38        0.0       0.0         0.0        0.0      171.0        0.0        0.0
   39        0.0       0.0         0.0        0.0        0.0        0.0        0.0
   40        0.0       1.0         0.0        0.0        0.0        0.0        0.0
   41        1.0       0.0         0.0        2.0        0.0        0.0        0.0
   42        3.0       0.0         0.0        1.0        0.0        0.0        0.0
   43        0.0       0.0         0.0        2.0        0.0        0.0        0.0
   44        7.0       0.0         0.0        1.0        0.0        0.0        0.0
   45       11.0       0.0         0.0        0.0        0.0        0.0        0.0
   46        5.0       0.0         0.0        2.0      130.0        0.0        0.0
   47       10.0       0.0         0.0        1.0      176.0        0.0        0.0
   48        2.0       0.0         0.0        1.0      183.0        0.0        0.0
   49       15.0       0.0         0.0        0.0      123.0        0.0        0.0
TOTAL      135.0       7.0         0.0       51.0     7659.0        0.0        0.0

INFRAESTRUCTURA EN OPERACIÓN POR AÑO
--------------------------------------------------
 Año  Solar Peq  Solar Gr  Eólica Peq  Eólica Gr  Bat Litio  Bat Plomo  Bat Flujo
   0        0.0       0.0         0.0        0.0        0.0        0.0        0.0
   1        0.0       3.0         0.0       10.0     1123.0        0.0        0.0
   2        0.0       3.0         0.0       10.0     1123.0        0.0        0.0
   3        0.0       3.0         0.0       10.0     1123.0        0.0        0.0
   4        0.0       3.0         0.0       10.0     1123.0        0.0        0.0
   5        0.0       3.0         0.0       10.0     1123.0        0.0        0.0
   6        0.0       3.0         0.0       10.0     1123.0        0.0        0.0
   7        0.0       3.0         0.0       10.0     1123.0        0.0        0.0
   8        0.0       3.0         0.0       10.0     1123.0        0.0        0.0
   9        0.0       3.0         0.0       10.0     1123.0        0.0        0.0
  10        0.0       4.0         0.0       13.0     1553.0        0.0        0.0
  11        0.0       4.0         0.0       15.0     3205.0        0.0        0.0
  12        0.0       4.0         0.0       15.0     3205.0        0.0        0.0
  13        0.0       4.0         0.0       15.0     3205.0        0.0        0.0
  14        0.0       4.0         0.0       15.0     3205.0        0.0        0.0
  15        0.0       4.0         0.0       15.0     3205.0        0.0        0.0
  16        0.0       5.0         0.0       16.0     3205.0        0.0        0.0
  17        0.0       5.0         0.0       16.0     3205.0        0.0        0.0
  18        0.0       5.0         0.0       16.0     3205.0        0.0        0.0
  19        0.0       5.0         0.0       16.0     3205.0        0.0        0.0
  20        0.0       5.0         0.0       16.0     2641.0        0.0        0.0
  21        0.0       5.0         0.0       16.0     2082.0        0.0        0.0
  22        5.0       5.0         0.0       16.0     2082.0        0.0        0.0
  23        5.0       5.0         0.0       16.0     2082.0        0.0        0.0
  24        5.0       5.0         0.0       16.0     2082.0        0.0        0.0
  25        5.0       5.0         0.0       17.0     2082.0        0.0        0.0
  26        5.0       5.0         0.0       19.0     2082.0        0.0        0.0
  27        5.0       5.0         0.0       19.0     2082.0        0.0        0.0
  28        5.0       5.0         0.0       19.0     2082.0        0.0        0.0
  29        5.0       5.0         0.0       20.0     2146.0        0.0        0.0
  30       81.0       2.0         0.0       20.0     2630.0        0.0        0.0
  31       81.0       2.0         0.0       20.0     2472.0        0.0        0.0
  32       81.0       2.0         0.0       21.0     3363.0        0.0        0.0
  33       81.0       2.0         0.0       23.0     3671.0        0.0        0.0
  34       81.0       2.0         0.0       23.0     3671.0        0.0        0.0
  35       81.0       2.0         0.0       24.0     3671.0        0.0        0.0
  36       81.0       3.0         0.0       23.0     3671.0        0.0        0.0
  37       81.0       3.0         0.0       26.0     3671.0        0.0        0.0
  38       81.0       3.0         0.0       26.0     3842.0        0.0        0.0
  39       81.0       3.0         0.0       26.0     3842.0        0.0        0.0
  40       81.0       3.0         0.0       26.0     3842.0        0.0        0.0
  41       82.0       3.0         0.0       27.0     3842.0        0.0        0.0
  42       85.0       3.0         0.0       28.0     3842.0        0.0        0.0
  43       85.0       3.0         0.0       30.0     3842.0        0.0        0.0
  44       92.0       3.0         0.0       31.0     3842.0        0.0        0.0
  45      103.0       3.0         0.0       31.0     3842.0        0.0        0.0
  46      108.0       2.0         0.0       33.0     3972.0        0.0        0.0
  47      118.0       2.0         0.0       34.0     4148.0        0.0        0.0
  48      120.0       2.0         0.0       35.0     4331.0        0.0        0.0
  49      135.0       2.0         0.0       35.0     4390.0        0.0        0.0

 PRODUCCIÓN DE ENERGÍA VS DEMANDA
--------------------------------------------------
 Año Producción (kWh) Demanda (kWh) Cumplimiento
   0                0   158,314,691         0.0%
   1      218,856,000   163,681,559       133.7%
   2      218,856,000   169,230,364       129.3%
   3      218,856,000   174,967,273       125.1%
   4      218,856,000   180,898,664       121.0%
   5      218,856,000   187,031,128       117.0%
   6      218,856,000   193,371,484       113.2%
   7      218,856,000   199,926,777       109.5%
   8      218,856,000   206,704,295       105.9%
   9      218,856,000   213,711,570       102.4%
  10      299,170,000   220,956,393       135.4%
  11      326,170,000   228,446,814       142.8%
  12      326,170,000   236,191,161       138.1%
  13      326,170,000   244,198,042       133.6%
  14      326,170,000   252,476,355       129.2%
  15      326,170,000   261,035,304       125.0%
  16      356,441,000   269,884,401       132.1%
  17      356,441,000   279,033,482       127.7%
  18      356,441,000   288,492,717       123.6%
  19      356,441,000   298,272,620       119.5%
  20      356,441,000   308,384,062       115.6%
  21      356,441,000   318,838,281       111.8%
  22      363,076,000   329,646,899       110.1%
  23      363,076,000   340,821,929       106.5%
  24      363,076,000   352,375,792       103.0%
  25      376,576,000   364,321,332       103.4%
  26      403,576,000   376,671,825       107.1%
  27      403,576,000   389,441,000       103.6%
  28      403,576,000   402,643,050       100.2%
  29      417,076,000   416,292,649       100.2%
  30      451,572,000   430,404,970       104.9%
  31      451,572,000   444,995,698       101.5%
  32      468,572,000   460,081,052       101.8%
  33      502,572,000   475,677,800       105.7%
  34      502,572,000   491,803,278       102.2%
  35      530,072,000   508,475,409       104.2%
  36      559,886,000   525,712,725       106.5%
  37      610,886,000   543,534,386       112.4%
  38      610,886,000   561,960,202       108.7%
  39      610,886,000   581,010,653       105.1%
  40      610,886,000   600,706,914       101.7%
  41      622,213,000   621,070,878       100.2%
  42      643,194,000   642,125,181       100.2%
  43      673,694,000   663,893,225       101.5%
  44      699,983,000   686,399,205       102.0%
  45      714,580,000   709,668,138       100.7%
  46      741,944,000   733,725,888       101.1%
  47      772,214,000   758,599,196       101.8%
  48      791,868,000   784,315,708       101.0%
  49      811,773,000   810,904,011       100.1%

USO DE TERRENOS
--------------------------------------------------
 Año Terreno 0 - Uso Terreno 0 - Arrendado Terreno 1 - Uso Terreno 1 - Arrendado
   0          566 u.                    Sí            5 u.                    Sí
   1          576 u.                    Sí        1,125 u.                    Sí
   2          571 u.                    Sí          565 u.                    Sí
   3          571 u.                    Sí          565 u.                    Sí
   4          571 u.                    Sí          565 u.                    Sí
   5          571 u.                    Sí          565 u.                    Sí
   6          571 u.                    Sí          565 u.                    Sí
   7          571 u.                    Sí          565 u.                    Sí
   8          571 u.                    Sí          565 u.                    Sí
   9          571 u.                    Sí          565 u.                    Sí
  10          571 u.                    Sí        1,433 u.                    Sí
  11        2,113 u.                    Sí        2,765 u.                    Sí
  12        1,342 u.                    Sí        1,882 u.                    Sí
  13        1,342 u.                    Sí        1,882 u.                    Sí
  14        1,342 u.                    Sí        1,882 u.                    Sí
  15        1,342 u.                    Sí        1,882 u.                    Sí
  16        1,346 u.                    Sí        1,882 u.                    Sí
  17        1,344 u.                    Sí        1,882 u.                    Sí
  18        1,344 u.                    Sí        1,882 u.                    Sí
  19        1,344 u.                    Sí        1,882 u.                    Sí
  20          780 u.                    Sí        1,882 u.                    Sí
  21          780 u.                    Sí        1,323 u.                    Sí
  22          790 u.                    Sí        1,323 u.                    Sí
  23          785 u.                    Sí        1,323 u.                    Sí
  24          785 u.                    Sí        1,323 u.                    Sí
  25          785 u.                    Sí        1,329 u.                    Sí
  26          790 u.                    Sí        1,329 u.                    Sí
  27          785 u.                    Sí        1,326 u.                    Sí
  28          785 u.                    Sí        1,326 u.                    Sí
  29          785 u.                    Sí        1,456 u.                    Sí
  30          783 u.                    Sí        2,940 u.                    Sí
  31        1,238 u.                    Sí        2,831 u.                    Sí
  32        2,409 u.                    Sí        1,950 u.                    Sí
  33        1,521 u.                    Sí        2,566 u.                    Sí
  34        1,519 u.                    Sí        2,258 u.                    Sí
  35        1,527 u.                    Sí        2,255 u.                    Sí
  36        1,525 u.                    Sí        2,255 u.                    Sí
  37        1,530 u.                    Sí        2,254 u.                    Sí
  38        1,869 u.                    Sí        2,254 u.                    Sí
  39        1,698 u.                    Sí        2,254 u.                    Sí
  40        1,698 u.                    Sí        2,255 u.                    Sí
  41        1,697 u.                    Sí        2,260 u.                    Sí
  42        1,699 u.                    Sí        2,263 u.                    Sí
  43        1,700 u.                    Sí        2,262 u.                    Sí
  44        1,701 u.                    Sí        2,275 u.                    Sí
  45        1,702 u.                    Sí        2,288 u.                    Sí
  46        1,870 u.                    Sí        2,382 u.                    Sí
  47        2,159 u.                    Sí        2,330 u.                    Sí
  48        2,158 u.                    Sí        2,516 u.                    Sí
  49        2,337 u.                    Sí        2,363 u.                    Sí

ALMACENAMIENTO EN BATERÍAS (Día 1 de cada año)
--------------------------------------------------
 Año Capacidad Total Energía Almacenada Porcentaje Uso
   0           0 kWh              0 kWh           0.0%
   1     258,290 kWh        242,859 kWh          94.0%
   2     258,290 kWh        242,859 kWh          94.0%
   3     258,290 kWh        242,859 kWh          94.0%
   4     258,290 kWh        242,859 kWh          94.0%
   5     258,290 kWh        242,859 kWh          94.0%
   6     258,290 kWh        242,859 kWh          94.0%
   7     258,290 kWh        242,859 kWh          94.0%
   8     258,290 kWh        242,859 kWh          94.0%
   9     258,290 kWh        242,859 kWh          94.0%
  10     357,190 kWh        357,190 kWh         100.0%
  11     737,150 kWh        200,650 kWh          27.2%
  12     737,150 kWh        200,650 kWh          27.2%
  13     737,150 kWh        200,650 kWh          27.2%
  14     737,150 kWh        200,650 kWh          27.2%
  15     737,150 kWh        200,650 kWh          27.2%
  16     737,150 kWh        162,944 kWh          22.1%
  17     737,150 kWh        162,944 kWh          22.1%
  18     737,150 kWh        162,944 kWh          22.1%
  19     737,150 kWh        162,944 kWh          22.1%
  20     607,430 kWh        607,430 kWh         100.0%
  21     478,860 kWh        478,860 kWh         100.0%
  22     478,860 kWh        478,860 kWh         100.0%
  23     478,860 kWh        478,860 kWh         100.0%
  24     478,860 kWh        478,860 kWh         100.0%
  25     478,860 kWh        478,860 kWh         100.0%
  26     478,860 kWh         95,772 kWh          20.0%
  27     478,860 kWh         95,772 kWh          20.0%
  28     478,860 kWh         95,772 kWh          20.0%
  29     493,580 kWh         98,716 kWh          20.0%
  30     604,900 kWh        120,980 kWh          20.0%
  31     568,560 kWh        113,712 kWh          20.0%
  32     773,490 kWh        773,490 kWh         100.0%
  33     844,330 kWh        844,330 kWh         100.0%
  34     844,330 kWh        844,330 kWh         100.0%
  35     844,330 kWh        168,866 kWh          20.0%
  36     844,330 kWh        168,866 kWh          20.0%
  37     844,330 kWh        168,866 kWh          20.0%
  38     883,660 kWh        176,732 kWh          20.0%
  39     883,660 kWh        176,732 kWh          20.0%
  40     883,660 kWh        176,732 kWh          20.0%
  41     883,660 kWh        176,732 kWh          20.0%
  42     883,660 kWh        176,732 kWh          20.0%
  43     883,660 kWh        176,732 kWh          20.0%
  44     883,660 kWh        176,732 kWh          20.0%
  45     883,660 kWh        176,732 kWh          20.0%
  46     913,560 kWh        182,712 kWh          20.0%
  47     954,040 kWh        190,808 kWh          20.0%
  48     996,130 kWh        199,226 kWh          20.0%
  49   1,009,700 kWh        201,940 kWh          20.0%

DIVERSIFICACIÓN ENERGÉTICA (Año 10)
--------------------------------------------------
• Producción Solar: 106,170,000 kWh (35.5%)
• Producción Eólica: 193,000,000 kWh (64.5%)

INVERSIÓN POR TIPO DE TECNOLOGÍA
--------------------------------------------------
• Solar Peq: $12,703,500 (3.0%)
• Solar Gr: $16,191,000 (3.8%)
• Eólica Peq: $0 (0.0%)
• Eólica Gr: $380,970,000 (90.3%)
• Bat Litio: $11,917,404 (2.8%)
• Bat Plomo: $0 (0.0%)
• Bat Flujo: $0 (0.0%)

VERIFICACIÓN DE FACTIBILIDAD
--------------------------------------------------
• Presupuesto: $422,049,204 / $450,000,000
• Año 3: Producción 218,856,000 ≥ Demanda 174,967,273
• Año 10: Producción 299,170,000 ≥ Demanda 220,956,393
• Año 15: Producción 326,170,000 ≥ Demanda 261,035,304
• Terreno 0, Año 0: 213,569/625,000 u²
• Terreno 0, Año 10: 339,819/625,000 u²
• Terreno 0, Año 15: 340,050/625,000 u²
• Terreno 1, Año 0: 207,700/625,000 u²
• Terreno 1, Año 10: 598,276/625,000 u²
• Terreno 1, Año 15: 466,461/625,000 u²

RECOMENDACIONES ESTRATÉGICAS
--------------------------------------------------
• Tecnología más construída: Batería Litio
• Total unidades: 7659.0
• Años de primera construcción:
  - Solar Pequeña: Año 22
  - Solar Grande: Año 0
  - Eólica Grande: Año 0
  - Batería Litio: Año 0

================================================================================
ANÁLISIS COMPLETADO EXITOSAMENTE
================================================================================
