
================================================================================
ANÁLISIS COMPLETO DE RESULTADOS
================================================================================

RESUMEN EJECUTIVO
--------------------------------------------------
• Inversión total infraestructura: $428,264,224 USD
• Costo arriendo total: $267,300 USD
• Emisiones totales de CO2: 1,296,708,080 kgCO2
• Energía total producida: 20,061,326,430 kWh
• Presupuesto utilizado: 95.2%

INFRAESTRUCTURA CONSTRUIDA POR AÑO
--------------------------------------------------
  Año  Solar Peq  Solar Gr  Eólica Peq  Eólica Gr  Bat Litio  Bat Plomo  Bat Flujo
    0        0.0       2.0         0.0        5.0     1123.0        0.0        0.0
    1        0.0       1.0         0.0        5.0        0.0        0.0        0.0
    2        0.0       0.0         0.0        0.0        0.0        0.0        0.0
    3        0.0       0.0         0.0        0.0        0.0        0.0        0.0
    4        0.0       0.0         0.0        0.0        0.0        0.0        0.0
    5        0.0       0.0         0.0        0.0        0.0        0.0        0.0
    6        0.0       0.0         0.0        0.0        0.0        0.0        0.0
    7        0.0       0.0         0.0        0.0        0.0        0.0        0.0
    8        0.0       0.0         0.0        0.0        0.0        0.0        0.0
    9        0.0       0.0         0.0        0.0        0.0        0.0        0.0
   10        0.0       1.0         0.0        2.0      881.0        0.0        0.0
   11        0.0       1.0         0.0        3.0      430.0        0.0        0.0
   12        0.0       0.0         0.0        0.0        0.0        0.0        0.0
   13        0.0       0.0         0.0        0.0        0.0        0.0        0.0
   14        0.0       0.0         0.0        0.0        0.0        0.0        0.0
   15        0.0       0.0         0.0        0.0      835.0        0.0        0.0
   16        0.0       0.0         0.0        0.0        0.0        0.0        0.0
   17        0.0       0.0         0.0        0.0        0.0        0.0        0.0
   18        0.0       0.0         0.0        0.0        0.0        0.0        0.0
   19        0.0       0.0         0.0        0.0        0.0        0.0        0.0
   20        3.0       0.0         0.0        1.0        0.0        0.0        0.0
   21        0.0       0.0         0.0        0.0        0.0        0.0        0.0
   22        0.0       0.0         0.0        0.0        0.0        0.0        0.0
   23        0.0       0.0         0.0        0.0        0.0        0.0        0.0
   24        2.0       0.0         0.0        0.0        0.0        0.0        0.0
   25        0.0       0.0         0.0        6.0        0.0        0.0        0.0
   26        0.0       0.0         0.0        6.0        0.0        0.0        0.0
   27        0.0       0.0         0.0        2.0        0.0        0.0        0.0
   28        0.0       0.0         0.0        0.0        0.0        0.0        0.0
   29        0.0       0.0         0.0        0.0        0.0        0.0        0.0
   30       38.0       0.0         0.0        0.0     1100.0        0.0        0.0
   31       34.0       0.0         0.0        0.0      717.0        0.0        0.0
   32       22.0       0.0         0.0        0.0        0.0        0.0        0.0
   33        1.0       0.0         0.0        0.0     1299.0        0.0        0.0
   34        0.0       0.0         0.0        6.0        0.0        0.0        0.0
   35        0.0       0.0         0.0        1.0     1244.0        0.0        0.0
   36        0.0       0.0         0.0        0.0        0.0        0.0        0.0
   37       24.0       0.0         0.0        0.0        0.0        0.0        0.0
   38        0.0       1.0         0.0        0.0        0.0        0.0        0.0
   39        0.0       0.0         0.0        0.0        0.0        0.0        0.0
   40        0.0       0.0         0.0        3.0        0.0        0.0        0.0
   41        0.0       1.0         0.0        0.0        0.0        0.0        0.0
   42        0.0       0.0         0.0        4.0        0.0        0.0        0.0
   43        0.0       0.0         0.0        0.0        0.0        0.0        0.0
   44        0.0       0.0         0.0        1.0        0.0        0.0        0.0
   45        0.0       0.0         0.0        3.0        0.0        0.0        0.0
   46        0.0       0.0         0.0        1.0        0.0        0.0        0.0
   47        0.0       0.0         0.0        2.0        0.0        0.0        0.0
   48        0.0       0.0         0.0        1.0        0.0        0.0        0.0
   49        1.0       0.0         0.0        0.0        0.0        0.0        0.0
TOTAL      125.0       7.0         0.0       52.0     7629.0        0.0        0.0

INFRAESTRUCTURA EN OPERACIÓN POR AÑO
--------------------------------------------------
 Año  Solar Peq  Solar Gr  Eólica Peq  Eólica Gr  Bat Litio  Bat Plomo  Bat Flujo
   0        0.0       0.0         0.0        0.0        0.0        0.0        0.0
   1        0.0       3.0         0.0       10.0     1123.0        0.0        0.0
   2        0.0       3.0         0.0       10.0     1123.0        0.0        0.0
   3        0.0       3.0         0.0       10.0     1123.0        0.0        0.0
   4        0.0       3.0         0.0       10.0     1123.0        0.0        0.0
   5        0.0       3.0         0.0       10.0     1123.0        0.0        0.0
   6        0.0       3.0         0.0       10.0     1123.0        0.0        0.0
   7        0.0       3.0         0.0       10.0     1123.0        0.0        0.0
   8        0.0       3.0         0.0       10.0     1123.0        0.0        0.0
   9        0.0       3.0         0.0       10.0     1123.0        0.0        0.0
  10        0.0       4.0         0.0       12.0     2004.0        0.0        0.0
  11        0.0       5.0         0.0       15.0     2434.0        0.0        0.0
  12        0.0       5.0         0.0       15.0     2434.0        0.0        0.0
  13        0.0       5.0         0.0       15.0     2434.0        0.0        0.0
  14        0.0       5.0         0.0       15.0     2434.0        0.0        0.0
  15        0.0       5.0         0.0       15.0     3269.0        0.0        0.0
  16        0.0       5.0         0.0       15.0     3269.0        0.0        0.0
  17        0.0       5.0         0.0       15.0     3269.0        0.0        0.0
  18        0.0       5.0         0.0       15.0     3269.0        0.0        0.0
  19        0.0       5.0         0.0       15.0     3269.0        0.0        0.0
  20        3.0       5.0         0.0       16.0     2146.0        0.0        0.0
  21        3.0       5.0         0.0       16.0     2146.0        0.0        0.0
  22        3.0       5.0         0.0       16.0     2146.0        0.0        0.0
  23        3.0       5.0         0.0       16.0     2146.0        0.0        0.0
  24        5.0       5.0         0.0       16.0     2146.0        0.0        0.0
  25        5.0       5.0         0.0       17.0     2146.0        0.0        0.0
  26        5.0       5.0         0.0       18.0     2146.0        0.0        0.0
  27        5.0       5.0         0.0       20.0     2146.0        0.0        0.0
  28        5.0       5.0         0.0       20.0     2146.0        0.0        0.0
  29        5.0       5.0         0.0       20.0     2146.0        0.0        0.0
  30       43.0       3.0         0.0       20.0     2365.0        0.0        0.0
  31       77.0       2.0         0.0       20.0     2652.0        0.0        0.0
  32       99.0       2.0         0.0       20.0     2652.0        0.0        0.0
  33      100.0       2.0         0.0       20.0     3951.0        0.0        0.0
  34      100.0       2.0         0.0       26.0     3951.0        0.0        0.0
  35      100.0       2.0         0.0       25.0     4360.0        0.0        0.0
  36      100.0       2.0         0.0       22.0     4360.0        0.0        0.0
  37      124.0       2.0         0.0       22.0     4360.0        0.0        0.0
  38      124.0       3.0         0.0       22.0     4360.0        0.0        0.0
  39      124.0       3.0         0.0       22.0     4360.0        0.0        0.0
  40      124.0       2.0         0.0       25.0     4360.0        0.0        0.0
  41      124.0       2.0         0.0       25.0     4360.0        0.0        0.0
  42      124.0       2.0         0.0       29.0     4360.0        0.0        0.0
  43      124.0       2.0         0.0       29.0     4360.0        0.0        0.0
  44      124.0       2.0         0.0       30.0     4360.0        0.0        0.0
  45      124.0       2.0         0.0       32.0     4360.0        0.0        0.0
  46      124.0       2.0         0.0       33.0     4360.0        0.0        0.0
  47      124.0       2.0         0.0       35.0     4360.0        0.0        0.0
  48      124.0       2.0         0.0       36.0     4360.0        0.0        0.0
  49      125.0       2.0         0.0       36.0     4360.0        0.0        0.0

 PRODUCCIÓN DE ENERGÍA VS DEMANDA
--------------------------------------------------
 Año Producción (kWh) Demanda (kWh) Cumplimiento
   0                0   158,314,691         0.0%
   1      218,856,000   163,681,559       133.7%
   2      218,856,000   169,230,364       129.3%
   3      218,856,000   174,967,273       125.1%
   4      218,856,000   180,898,664       121.0%
   5      218,856,000   187,031,128       117.0%
   6      218,856,000   193,371,484       113.2%
   7      218,856,000   199,926,777       109.5%
   8      218,856,000   206,704,295       105.9%
   9      218,856,000   213,711,570       102.4%
  10      259,127,000   220,956,393       117.3%
  11      339,441,000   228,446,814       148.6%
  12      339,441,000   236,191,161       143.7%
  13      339,441,000   244,198,042       139.0%
  14      339,441,000   252,476,355       134.4%
  15      339,441,000   261,035,304       130.0%
  16      339,441,000   269,884,401       125.8%
  17      339,441,000   279,033,482       121.6%
  18      339,441,000   288,492,717       117.7%
  19      339,441,000   298,272,620       113.8%
  20      360,422,000   308,384,062       116.9%
  21      360,422,000   318,838,281       113.0%
  22      360,422,000   329,646,899       109.3%
  23      360,422,000   340,821,929       105.8%
  24      363,076,000   352,375,792       103.0%
  25      376,576,000   364,321,332       103.4%
  26      390,076,000   376,671,825       103.6%
  27      417,076,000   389,441,000       107.1%
  28      417,076,000   402,643,050       103.6%
  29      417,076,000   416,292,649       100.2%
  30      440,960,000   430,404,970       102.5%
  31      446,264,000   444,995,698       100.3%
  32      475,458,000   460,081,052       103.3%
  33      476,785,000   475,677,800       100.2%
  34      578,785,000   491,803,278       117.7%
  35      568,785,000   508,475,409       111.9%
  36      528,285,000   525,712,725       100.5%
  37      560,133,000   543,534,386       103.1%
  38      599,947,000   561,960,202       106.8%
  39      599,947,000   581,010,653       103.3%
  40      637,676,000   600,706,914       106.2%
  41      637,676,000   621,070,878       102.7%
  42      705,676,000   642,125,181       109.9%
  43      705,676,000   663,893,225       106.3%
  44      722,676,000   686,399,205       105.3%
  45      753,176,000   709,668,138       106.1%
  46      770,176,000   733,725,888       105.0%
  47      797,176,000   758,599,196       105.1%
  48      810,676,000   784,315,708       103.4%
  49      812,003,000   810,904,011       100.1%

USO DE TERRENOS
--------------------------------------------------
 Año Terreno 0 - Uso Terreno 0 - Arrendado Terreno 1 - Uso Terreno 1 - Arrendado
   0          566 u.                    Sí          564 u.                    Sí
   1          576 u.                    Sí          566 u.                    Sí
   2          571 u.                    Sí          565 u.                    Sí
   3          571 u.                    Sí          565 u.                    Sí
   4          571 u.                    Sí          565 u.                    Sí
   5          571 u.                    Sí          565 u.                    Sí
   6          571 u.                    Sí          565 u.                    Sí
   7          571 u.                    Sí          565 u.                    Sí
   8          571 u.                    Sí          565 u.                    Sí
   9          571 u.                    Sí          565 u.                    Sí
  10        2,077 u.                    Sí          827 u.                    Sí
  11        1,324 u.                    Sí        1,564 u.                    Sí
  12        1,324 u.                    Sí        1,130 u.                    Sí
  13        1,324 u.                    Sí        1,130 u.                    Sí
  14        1,324 u.                    Sí        1,130 u.                    Sí
  15        1,324 u.                    Sí        2,800 u.                    Sí
  16        1,324 u.                    Sí        1,965 u.                    Sí
  17        1,324 u.                    Sí        1,965 u.                    Sí
  18        1,324 u.                    Sí        1,965 u.                    Sí
  19        1,324 u.                    Sí        1,965 u.                    Sí
  20          768 u.                    Sí        1,406 u.                    Sí
  21          764 u.                    Sí        1,406 u.                    Sí
  22          764 u.                    Sí        1,406 u.                    Sí
  23          764 u.                    Sí        1,406 u.                    Sí
  24          764 u.                    Sí        1,410 u.                    Sí
  25          764 u.                    Sí        1,415 u.                    Sí
  26          769 u.                    Sí        1,411 u.                    Sí
  27          764 u.                    Sí        1,414 u.                    Sí
  28          764 u.                    Sí        1,412 u.                    Sí
  29          764 u.                    Sí        1,412 u.                    Sí
  30        2,012 u.                    Sí        1,557 u.                    Sí
  31        1,011 u.                    Sí        2,491 u.                    Sí
  32        1,011 u.                    Sí        1,784 u.                    Sí
  33        3,611 u.                    Sí        1,762 u.                    Sí
  34        2,323 u.                    Sí        1,762 u.                    Sí
  35        2,319 u.                    Sí        3,413 u.                    Sí
  36        2,318 u.                    Sí        2,166 u.                    Sí
  37        2,318 u.                    Sí        2,214 u.                    Sí
  38        2,318 u.                    Sí        2,192 u.                    Sí
  39        2,318 u.                    Sí        2,191 u.                    Sí
  40        2,323 u.                    Sí        2,191 u.                    Sí
  41        2,320 u.                    Sí        2,192 u.                    Sí
  42        2,328 u.                    Sí        2,191 u.                    Sí
  43        2,324 u.                    Sí        2,191 u.                    Sí
  44        2,326 u.                    Sí        2,191 u.                    Sí
  45        2,328 u.                    Sí        2,193 u.                    Sí
  46        2,328 u.                    Sí        2,192 u.                    Sí
  47        2,327 u.                    Sí        2,196 u.                    Sí
  48        2,327 u.                    Sí        2,196 u.                    Sí
  49        2,327 u.                    Sí        2,197 u.                    Sí

ALMACENAMIENTO EN BATERÍAS (Día 1 de cada año)
--------------------------------------------------
 Año Capacidad Total Energía Almacenada Porcentaje Uso
   0           0 kWh              0 kWh           0.0%
   1     258,290 kWh        242,859 kWh          94.0%
   2     258,290 kWh        242,859 kWh          94.0%
   3     258,290 kWh        242,859 kWh          94.0%
   4     258,290 kWh        242,859 kWh          94.0%
   5     258,290 kWh        242,859 kWh          94.0%
   6     258,290 kWh        242,859 kWh          94.0%
   7     258,290 kWh        242,859 kWh          94.0%
   8     258,290 kWh        242,859 kWh          94.0%
   9     258,290 kWh        242,859 kWh          94.0%
  10     460,920 kWh        230,611 kWh          50.0%
  11     559,820 kWh        559,820 kWh         100.0%
  12     559,820 kWh        559,820 kWh         100.0%
  13     559,820 kWh        559,820 kWh         100.0%
  14     559,820 kWh        559,820 kWh         100.0%
  15     751,870 kWh        191,504 kWh          25.5%
  16     751,870 kWh        191,504 kWh          25.5%
  17     751,870 kWh        191,504 kWh          25.5%
  18     751,870 kWh        191,504 kWh          25.5%
  19     751,870 kWh        191,504 kWh          25.5%
  20     493,580 kWh        493,580 kWh         100.0%
  21     493,580 kWh        493,580 kWh         100.0%
  22     493,580 kWh        493,580 kWh         100.0%
  23     493,580 kWh        493,580 kWh         100.0%
  24     493,580 kWh        493,580 kWh         100.0%
  25     493,580 kWh        493,580 kWh         100.0%
  26     493,580 kWh        493,580 kWh         100.0%
  27     493,580 kWh         98,716 kWh          20.0%
  28     493,580 kWh         98,716 kWh          20.0%
  29     493,580 kWh         98,716 kWh          20.0%
  30     543,950 kWh        108,790 kWh          20.0%
  31     609,960 kWh        121,992 kWh          20.0%
  32     609,960 kWh        121,992 kWh          20.0%
  33     908,730 kWh        908,730 kWh         100.0%
  34     908,730 kWh        181,746 kWh          20.0%
  35   1,002,800 kWh      1,002,800 kWh         100.0%
  36   1,002,800 kWh      1,002,800 kWh         100.0%
  37   1,002,800 kWh      1,002,800 kWh         100.0%
  38   1,002,800 kWh        200,560 kWh          20.0%
  39   1,002,800 kWh        200,560 kWh          20.0%
  40   1,002,800 kWh        200,560 kWh          20.0%
  41   1,002,800 kWh        200,560 kWh          20.0%
  42   1,002,800 kWh        200,560 kWh          20.0%
  43   1,002,800 kWh        200,560 kWh          20.0%
  44   1,002,800 kWh        200,560 kWh          20.0%
  45   1,002,800 kWh        200,560 kWh          20.0%
  46   1,002,800 kWh        200,560 kWh          20.0%
  47   1,002,800 kWh        200,560 kWh          20.0%
  48   1,002,800 kWh        200,560 kWh          20.0%
  49   1,002,800 kWh        200,560 kWh          20.0%

DIVERSIFICACIÓN ENERGÉTICA (Año 10)
--------------------------------------------------
• Producción Solar: 79,627,000 kWh (30.7%)
• Producción Eólica: 179,500,000 kWh (69.3%)

INVERSIÓN POR TIPO DE TECNOLOGÍA
--------------------------------------------------
• Solar Peq: $11,762,500 (2.7%)
• Solar Gr: $16,191,000 (3.8%)
• Eólica Peq: $0 (0.0%)
• Eólica Gr: $388,440,000 (90.7%)
• Bat Litio: $11,870,724 (2.8%)
• Bat Plomo: $0 (0.0%)
• Bat Flujo: $0 (0.0%)

VERIFICACIÓN DE FACTIBILIDAD
--------------------------------------------------
• Presupuesto: $428,531,524 / $450,000,000
• Año 3: Producción 218,856,000 ≥ Demanda 174,967,273
• Año 10: Producción 259,127,000 ≥ Demanda 220,956,393
• Año 15: Producción 339,441,000 ≥ Demanda 261,035,304
• Terreno 0, Año 0: 213,569/650,000 u²
• Terreno 0, Año 10: 553,670/650,000 u²
• Terreno 0, Año 15: 446,745/650,000 u²
• Terreno 1, Año 0: 126,418/650,000 u²
• Terreno 1, Año 10: 334,195/650,000 u²
• Terreno 1, Año 15: 466,736/650,000 u²

RECOMENDACIONES ESTRATÉGICAS
--------------------------------------------------
• Tecnología más construída: Batería Litio
• Total unidades: 7629.0
• Años de primera construcción:
  - Solar Pequeña: Año 20
  - Solar Grande: Año 0
  - Eólica Grande: Año 0
  - Batería Litio: Año 0

================================================================================
ANÁLISIS COMPLETADO EXITOSAMENTE
================================================================================
