
================================================================================
ANÁLISIS COMPLETO DE RESULTADOS
================================================================================

RESUMEN EJECUTIVO
--------------------------------------------------
• Inversión total infraestructura: $326,722,628 USD
• Costo arriendo total: $267,300 USD
• Emisiones totales de CO2: 1,443,705,200 kgCO2
• Energía total producida: 20,061,326,430 kWh
• Presupuesto utilizado: 72.7%

INFRAESTRUCTURA CONSTRUIDA POR AÑO
--------------------------------------------------
  Año  Solar Peq  Solar Gr  Eólica Peq  Eólica Gr  Bat Litio  Bat Plomo  Bat Flujo
    0       10.0       2.0         0.0        7.0      818.0        0.0        0.0
    1        0.0       0.0         0.0        2.0      323.0        0.0        0.0
    2        0.0       0.0         0.0        0.0        0.0        0.0        0.0
    3        0.0       0.0         0.0        0.0        0.0        0.0        0.0
    4        0.0       0.0         0.0        0.0        0.0        0.0        0.0
    5        0.0       0.0         0.0        0.0        0.0        0.0        0.0
    6        0.0       0.0         0.0        0.0        0.0        0.0        0.0
    7        0.0       0.0         0.0        0.0        0.0        0.0        0.0
    8        0.0       0.0         0.0        0.0        0.0        0.0        0.0
    9        0.0       0.0         0.0        0.0        0.0        0.0        0.0
   10        1.0       1.0         0.0        0.0      633.0        0.0        0.0
   11        0.0       0.0         0.0        1.0        0.0        0.0        0.0
   12        0.0       0.0         0.0        3.0     1093.0        0.0        0.0
   13        0.0       0.0         0.0        2.0        0.0        0.0        0.0
   14        1.0       0.0         0.0        0.0        0.0        0.0        0.0
   15        0.0       0.0         0.0        0.0        0.0        0.0        0.0
   16        0.0       0.0         0.0        0.0        0.0        0.0        0.0
   17        0.0       0.0         0.0        1.0        0.0        0.0        0.0
   18        0.0       0.0         0.0        0.0        0.0        0.0        0.0
   19        0.0       0.0         0.0        0.0        0.0        0.0        0.0
   20        5.0       0.0         0.0        1.0        0.0        0.0        0.0
   21        4.0       0.0         0.0        1.0      472.0        0.0        0.0
   22        0.0       0.0         0.0        0.0        0.0        0.0        0.0
   23        0.0       0.0         0.0        0.0        0.0        0.0        0.0
   24        1.0       0.0         0.0        0.0        1.0        0.0        0.0
   25        9.0       0.0         0.0        4.0        0.0        0.0        0.0
   26        0.0       0.0         0.0        3.0        0.0        0.0        0.0
   27        0.0       0.0         0.0        1.0        0.0        0.0        0.0
   28        0.0       0.0         0.0        1.0        0.0        0.0        0.0
   29        1.0       0.0         0.0        0.0        0.0        0.0        0.0
   30       65.0       0.0         0.0        2.0     2203.0        0.0        0.0
   31        0.0       0.0         0.0        0.0     1174.0        0.0        0.0
   32        0.0       0.0         0.0        1.0        0.0        0.0        0.0
   33        0.0       0.0         0.0        0.0        0.0        0.0        0.0
   34       33.0       0.0         0.0        0.0       74.0        0.0        0.0
   35        1.0       0.0         0.0        0.0        0.0        0.0        0.0
   36       29.0       0.0         0.0        0.0        0.0        0.0        0.0
   37       52.0       0.0         0.0        0.0        0.0        0.0        0.0
   38       51.0       0.0         0.0        0.0        0.0        0.0        0.0
   39       26.0       0.0         0.0        0.0      416.0        0.0        0.0
   40       13.0       0.0         0.0        2.0        0.0        0.0        0.0
   41        9.0       0.0         0.0        1.0      380.0        0.0        0.0
   42       11.0       0.0         0.0        1.0      450.0        0.0        0.0
   43        5.0       0.0         0.0        1.0       38.0        0.0        0.0
   44       12.0       0.0         0.0        0.0       96.0        0.0        0.0
   45        8.0       0.0         0.0        1.0       47.0        0.0        0.0
   46       28.0       0.0         0.0        0.0       68.0        0.0        0.0
   47       15.0       0.0         0.0        0.0       76.0        0.0        0.0
   48        7.0       0.0         0.0        0.0       38.0        0.0        0.0
   49        4.0       0.0         0.0        0.0       38.0        0.0        0.0
TOTAL      401.0       3.0         0.0       36.0     8438.0        0.0        0.0

INFRAESTRUCTURA EN OPERACIÓN POR AÑO
--------------------------------------------------
 Año  Solar Peq  Solar Gr  Eólica Peq  Eólica Gr  Bat Litio  Bat Plomo  Bat Flujo
   0        0.0       0.0         0.0        0.0        0.0        0.0        0.0
   1       10.0       2.0         0.0        9.0     1141.0        0.0        0.0
   2       10.0       2.0         0.0        9.0     1141.0        0.0        0.0
   3       10.0       2.0         0.0        9.0     1141.0        0.0        0.0
   4       10.0       2.0         0.0        9.0     1141.0        0.0        0.0
   5       10.0       2.0         0.0        9.0     1141.0        0.0        0.0
   6       10.0       2.0         0.0        9.0     1141.0        0.0        0.0
   7       10.0       2.0         0.0        9.0     1141.0        0.0        0.0
   8       10.0       2.0         0.0        9.0     1141.0        0.0        0.0
   9       10.0       2.0         0.0        9.0     1141.0        0.0        0.0
  10       11.0       3.0         0.0        9.0     1774.0        0.0        0.0
  11       11.0       3.0         0.0       10.0     1774.0        0.0        0.0
  12       11.0       3.0         0.0       13.0     2867.0        0.0        0.0
  13       11.0       3.0         0.0       15.0     2867.0        0.0        0.0
  14       12.0       3.0         0.0       15.0     2867.0        0.0        0.0
  15       12.0       3.0         0.0       15.0     2867.0        0.0        0.0
  16       12.0       3.0         0.0       15.0     2867.0        0.0        0.0
  17       12.0       3.0         0.0       16.0     2867.0        0.0        0.0
  18       12.0       3.0         0.0       16.0     2867.0        0.0        0.0
  19       12.0       3.0         0.0       16.0     2867.0        0.0        0.0
  20       17.0       3.0         0.0       17.0     2049.0        0.0        0.0
  21       21.0       3.0         0.0       18.0     2198.0        0.0        0.0
  22       21.0       3.0         0.0       18.0     2198.0        0.0        0.0
  23       21.0       3.0         0.0       18.0     2198.0        0.0        0.0
  24       22.0       3.0         0.0       18.0     2199.0        0.0        0.0
  25       31.0       3.0         0.0       15.0     2199.0        0.0        0.0
  26       31.0       3.0         0.0       16.0     2199.0        0.0        0.0
  27       31.0       3.0         0.0       17.0     2199.0        0.0        0.0
  28       31.0       3.0         0.0       18.0     2199.0        0.0        0.0
  29       32.0       3.0         0.0       18.0     2199.0        0.0        0.0
  30       87.0       1.0         0.0       20.0     3769.0        0.0        0.0
  31       87.0       1.0         0.0       20.0     4943.0        0.0        0.0
  32       87.0       1.0         0.0       21.0     3850.0        0.0        0.0
  33       87.0       1.0         0.0       21.0     3850.0        0.0        0.0
  34      120.0       1.0         0.0       21.0     3924.0        0.0        0.0
  35      121.0       1.0         0.0       21.0     3924.0        0.0        0.0
  36      150.0       1.0         0.0       20.0     3924.0        0.0        0.0
  37      202.0       1.0         0.0       17.0     3924.0        0.0        0.0
  38      253.0       1.0         0.0       15.0     3924.0        0.0        0.0
  39      279.0       1.0         0.0       15.0     4340.0        0.0        0.0
  40      291.0       0.0         0.0       17.0     4340.0        0.0        0.0
  41      300.0       0.0         0.0       18.0     4248.0        0.0        0.0
  42      311.0       0.0         0.0       18.0     4698.0        0.0        0.0
  43      316.0       0.0         0.0       19.0     4736.0        0.0        0.0
  44      327.0       0.0         0.0       19.0     4831.0        0.0        0.0
  45      335.0       0.0         0.0       19.0     4878.0        0.0        0.0
  46      363.0       0.0         0.0       18.0     4946.0        0.0        0.0
  47      378.0       0.0         0.0       18.0     5022.0        0.0        0.0
  48      385.0       0.0         0.0       18.0     5060.0        0.0        0.0
  49      389.0       0.0         0.0       18.0     5098.0        0.0        0.0

 PRODUCCIÓN DE ENERGÍA VS DEMANDA
--------------------------------------------------
 Año Producción (kWh) Demanda (kWh) Cumplimiento
   0                0   158,314,691         0.0%
   1      219,355,000   163,681,559       134.0%
   2      219,355,000   169,230,364       129.6%
   3      219,355,000   174,967,273       125.4%
   4      219,355,000   180,898,664       121.3%
   5      219,355,000   187,031,128       117.3%
   6      219,355,000   193,371,484       113.4%
   7      219,355,000   199,926,777       109.7%
   8      219,355,000   206,704,295       106.1%
   9      219,355,000   213,711,570       102.6%
  10      260,496,000   220,956,393       117.9%
  11      273,996,000   228,446,814       119.9%
  12      314,496,000   236,191,161       133.2%
  13      341,496,000   244,198,042       139.8%
  14      342,823,000   252,476,355       135.8%
  15      342,823,000   261,035,304       131.3%
  16      342,823,000   269,884,401       127.0%
  17      359,823,000   279,033,482       129.0%
  18      359,823,000   288,492,717       124.7%
  19      359,823,000   298,272,620       120.6%
  20      383,458,000   308,384,062       124.3%
  21      402,266,000   318,838,281       126.2%
  22      402,266,000   329,646,899       122.0%
  23      402,266,000   340,821,929       118.0%
  24      403,593,000   352,375,792       114.5%
  25      364,536,000   364,321,332       100.1%
  26      381,536,000   376,671,825       101.3%
  27      398,536,000   389,441,000       102.3%
  28      415,536,000   402,643,050       103.2%
  29      416,863,000   416,292,649       100.1%
  30      470,763,000   430,404,970       109.4%
  31      470,763,000   444,995,698       105.8%
  32      487,763,000   460,081,052       106.0%
  33      487,763,000   475,677,800       102.5%
  34      531,554,000   491,803,278       108.1%
  35      532,881,000   508,475,409       104.8%
  36      557,864,000   525,712,725       106.1%
  37      586,368,000   543,534,386       107.9%
  38      627,045,000   561,960,202       111.6%
  39      661,547,000   581,010,653       113.9%
  40      664,657,000   600,706,914       110.6%
  41      690,100,000   621,070,878       111.1%
  42      704,697,000   642,125,181       109.7%
  43      728,332,000   663,893,225       109.7%
  44      742,929,000   686,399,205       108.2%
  45      753,545,000   709,668,138       106.2%
  46      777,201,000   733,725,888       105.9%
  47      797,106,000   758,599,196       105.1%
  48      806,395,000   784,315,708       102.8%
  49      811,703,000   810,904,011       100.1%

USO DE TERRENOS
--------------------------------------------------
 Año Terreno 0 - Uso Terreno 0 - Arrendado Terreno 1 - Uso Terreno 1 - Arrendado
   0          827 u.                    Sí           10 u.                    Sí
   1          831 u.                    Sí          656 u.                    Sí
   2          829 u.                    Sí          333 u.                    Sí
   3          829 u.                    Sí          333 u.                    Sí
   4          829 u.                    Sí          333 u.                    Sí
   5          829 u.                    Sí          333 u.                    Sí
   6          829 u.                    Sí          333 u.                    Sí
   7          829 u.                    Sí          333 u.                    Sí
   8          829 u.                    Sí          333 u.                    Sí
   9          829 u.                    Sí          333 u.                    Sí
  10          851 u.                    Sí        1,581 u.                    Sí
  11          840 u.                    Sí          959 u.                    Sí
  12        3,026 u.                    Sí          964 u.                    Sí
  13        1,933 u.                    Sí          965 u.                    Sí
  14        1,935 u.                    Sí          963 u.                    Sí
  15        1,934 u.                    Sí          963 u.                    Sí
  16        1,934 u.                    Sí          963 u.                    Sí
  17        1,936 u.                    Sí          963 u.                    Sí
  18        1,935 u.                    Sí          963 u.                    Sí
  19        1,935 u.                    Sí          963 u.                    Sí
  20        1,129 u.                    Sí          963 u.                    Sí
  21        1,131 u.                    Sí        1,586 u.                    Sí
  22        1,127 u.                    Sí        1,113 u.                    Sí
  23        1,127 u.                    Sí        1,113 u.                    Sí
  24        1,129 u.                    Sí        1,115 u.                    Sí
  25        1,129 u.                    Sí        1,132 u.                    Sí
  26        1,129 u.                    Sí        1,123 u.                    Sí
  27        1,128 u.                    Sí        1,123 u.                    Sí
  28        1,129 u.                    Sí        1,123 u.                    Sí
  29        1,130 u.                    Sí        1,123 u.                    Sí
  30        1,289 u.                    Sí        4,858 u.                    Sí
  31        3,551 u.                    Sí        2,674 u.                    Sí
  32        1,286 u.                    Sí        2,674 u.                    Sí
  33        1,285 u.                    Sí        2,674 u.                    Sí
  34        1,285 u.                    Sí        2,888 u.                    Sí
  35        1,285 u.                    Sí        2,783 u.                    Sí
  36        1,285 u.                    Sí        2,839 u.                    Sí
  37        1,285 u.                    Sí        2,911 u.                    Sí
  38        1,285 u.                    Sí        2,959 u.                    Sí
  39        1,285 u.                    Sí        3,792 u.                    Sí
  40        1,284 u.                    Sí        3,379 u.                    Sí
  41        1,284 u.                    Sí        3,672 u.                    Sí
  42        1,977 u.                    Sí        3,512 u.                    Sí
  43        1,634 u.                    Sí        3,481 u.                    Sí
  44        1,635 u.                    Sí        3,650 u.                    Sí
  45        1,640 u.                    Sí        3,648 u.                    Sí
  46        1,664 u.                    Sí        3,759 u.                    Sí
  47        1,664 u.                    Sí        3,845 u.                    Sí
  48        1,663 u.                    Sí        3,845 u.                    Sí
  49        1,702 u.                    Sí        3,845 u.                    Sí

ALMACENAMIENTO EN BATERÍAS (Día 1 de cada año)
--------------------------------------------------
 Año Capacidad Total Energía Almacenada Porcentaje Uso
   0           0 kWh              0 kWh           0.0%
   1     262,430 kWh        242,934 kWh          92.6%
   2     262,430 kWh        242,934 kWh          92.6%
   3     262,430 kWh        242,934 kWh          92.6%
   4     262,430 kWh        242,934 kWh          92.6%
   5     262,430 kWh        242,934 kWh          92.6%
   6     262,430 kWh        242,934 kWh          92.6%
   7     262,430 kWh        242,934 kWh          92.6%
   8     262,430 kWh        242,934 kWh          92.6%
   9     262,430 kWh        242,934 kWh          92.6%
  10     408,020 kWh        234,575 kWh          57.5%
  11     408,020 kWh        408,020 kWh         100.0%
  12     659,410 kWh        203,483 kWh          30.9%
  13     659,410 kWh        162,798 kWh          24.7%
  14     659,410 kWh        161,589 kWh          24.5%
  15     659,410 kWh        161,589 kWh          24.5%
  16     659,410 kWh        161,589 kWh          24.5%
  17     659,410 kWh        659,410 kWh         100.0%
  18     659,410 kWh        659,410 kWh         100.0%
  19     659,410 kWh        659,410 kWh         100.0%
  20     471,270 kWh         94,254 kWh          20.0%
  21     505,540 kWh        101,108 kWh          20.0%
  22     505,540 kWh        101,108 kWh          20.0%
  23     505,540 kWh        101,108 kWh          20.0%
  24     505,770 kWh        101,154 kWh          20.0%
  25     505,770 kWh        505,770 kWh         100.0%
  26     505,770 kWh        505,770 kWh         100.0%
  27     505,770 kWh        101,154 kWh          20.0%
  28     505,770 kWh        101,154 kWh          20.0%
  29     505,770 kWh        101,154 kWh          20.0%
  30     866,870 kWh        866,870 kWh         100.0%
  31   1,136,890 kWh        227,378 kWh          20.0%
  32     885,500 kWh        885,500 kWh         100.0%
  33     885,500 kWh        885,500 kWh         100.0%
  34     902,520 kWh        902,520 kWh         100.0%
  35     902,520 kWh        902,520 kWh         100.0%
  36     902,520 kWh        180,504 kWh          20.0%
  37     902,520 kWh        180,504 kWh          20.0%
  38     902,520 kWh        180,504 kWh          20.0%
  39     998,200 kWh        199,640 kWh          20.0%
  40     998,200 kWh        199,640 kWh          20.0%
  41     977,040 kWh        195,408 kWh          20.0%
  42   1,080,540 kWh        216,108 kWh          20.0%
  43   1,089,280 kWh        217,856 kWh          20.0%
  44   1,111,130 kWh        222,226 kWh          20.0%
  45   1,121,940 kWh        224,388 kWh          20.0%
  46   1,137,580 kWh        227,516 kWh          20.0%
  47   1,155,060 kWh        231,012 kWh          20.0%
  48   1,163,800 kWh        232,760 kWh          20.0%
  49   1,172,540 kWh        234,508 kWh          20.0%

DIVERSIFICACIÓN ENERGÉTICA (Año 10)
--------------------------------------------------
• Producción Solar: 107,496,000 kWh (41.3%)
• Producción Eólica: 153,000,000 kWh (58.7%)

INVERSIÓN POR TIPO DE TECNOLOGÍA
--------------------------------------------------
• Solar Peq: $37,734,100 (11.5%)
• Solar Gr: $6,939,000 (2.1%)
• Eólica Peq: $0 (0.0%)
• Eólica Gr: $268,920,000 (82.3%)
• Bat Litio: $13,129,528 (4.0%)
• Bat Plomo: $0 (0.0%)
• Bat Flujo: $0 (0.0%)

VERIFICACIÓN DE FACTIBILIDAD
--------------------------------------------------
• Presupuesto: $326,989,928 / $450,000,000
• Año 3: Producción 219,355,000 ≥ Demanda 174,967,273
• Año 10: Producción 260,496,000 ≥ Demanda 220,956,393
• Año 15: Producción 342,823,000 ≥ Demanda 261,035,304
• Terreno 0, Año 0: 284,695/425,000 u²
• Terreno 0, Año 10: 337,201/425,000 u²
• Terreno 0, Año 15: 337,526/425,000 u²
• Terreno 1, Año 0: 115,700/425,000 u²
• Terreno 1, Año 10: 329,571/425,000 u²
• Terreno 1, Año 15: 374,184/425,000 u²

RECOMENDACIONES ESTRATÉGICAS
--------------------------------------------------
• Tecnología más construída: Batería Litio
• Total unidades: 8438.0
• Años de primera construcción:
  - Solar Pequeña: Año 0
  - Solar Grande: Año 0
  - Eólica Grande: Año 0
  - Batería Litio: Año 0

================================================================================
ANÁLISIS COMPLETADO EXITOSAMENTE
================================================================================
