
================================================================================
ANÁLISIS COMPLETO DE RESULTADOS
================================================================================

RESUMEN EJECUTIVO
--------------------------------------------------
• Inversión total infraestructura: $315,200,028 USD
• Costo arriendo total: $267,300 USD
• Emisiones totales de CO2: 1,420,438,820 kgCO2
• Energía total producida: 20,061,326,430 kWh
• Presupuesto utilizado: 70.1%

INFRAESTRUCTURA CONSTRUIDA POR AÑO
--------------------------------------------------
  Año  Solar Peq  Solar Gr  Eólica Peq  Eólica Gr  Bat Litio  Bat Plomo  Bat Flujo
    0        4.0       2.0         0.0        5.0     1167.0        0.0        0.0
    1        0.0       0.0         0.0        3.0        0.0        0.0        0.0
    2        0.0       0.0         0.0        0.0        0.0        0.0        0.0
    3        0.0       0.0         0.0        0.0        0.0        0.0        0.0
    4        0.0       0.0         0.0        0.0        0.0        0.0        0.0
    5        0.0       0.0         0.0        0.0        0.0        0.0        0.0
    6        0.0       0.0         0.0        0.0        0.0        0.0        0.0
    7        0.0       0.0         0.0        0.0        0.0        0.0        0.0
    8        0.0       0.0         0.0        0.0        0.0        0.0        0.0
    9        0.0       0.0         0.0        0.0        0.0        0.0        0.0
   10        0.0       1.0         0.0        0.0     1074.0        0.0        0.0
   11        0.0       0.0         0.0        3.0     1077.0        0.0        0.0
   12        0.0       0.0         0.0        0.0        0.0        0.0        0.0
   13        0.0       0.0         0.0        3.0        0.0        0.0        0.0
   14        0.0       0.0         0.0        0.0        0.0        0.0        0.0
   15        0.0       0.0         0.0        0.0        0.0        0.0        0.0
   16        0.0       0.0         0.0        0.0        0.0        0.0        0.0
   17        0.0       0.0         0.0        0.0        0.0        0.0        0.0
   18        0.0       0.0         0.0        0.0        0.0        0.0        0.0
   19        0.0       0.0         0.0        0.0        0.0        0.0        0.0
   20        0.0       0.0         0.0        0.0        0.0        0.0        0.0
   21        0.0       0.0         0.0        0.0        0.0        0.0        0.0
   22        0.0       0.0         0.0        0.0        0.0        0.0        0.0
   23        0.0       0.0         0.0        0.0        0.0        0.0        0.0
   24        1.0       0.0         0.0        0.0        0.0        0.0        0.0
   25        0.0       0.0         0.0        6.0        0.0        0.0        0.0
   26        0.0       0.0         0.0        5.0        0.0        0.0        0.0
   27        0.0       0.0         0.0        1.0        0.0        0.0        0.0
   28        0.0       0.0         0.0        0.0        0.0        0.0        0.0
   29        0.0       0.0         0.0        0.0        0.0        0.0        0.0
   30       74.0       0.0         0.0        0.0     2123.0        0.0        0.0
   31       77.0       0.0         0.0        1.0     1456.0        0.0        0.0
   32        0.0       0.0         0.0        1.0        1.0        0.0        0.0
   33        0.0       0.0         0.0        0.0        0.0        0.0        0.0
   34        0.0       0.0         0.0        0.0        0.0        0.0        0.0
   35        0.0       0.0         0.0        2.0        0.0        0.0        0.0
   36        0.0       0.0         0.0        1.0        0.0        0.0        0.0
   37        0.0       0.0         0.0        0.0        0.0        0.0        0.0
   38        0.0       0.0         0.0        3.0        0.0        0.0        0.0
   39        0.0       0.0         0.0        1.0     1141.0        0.0        0.0
   40       45.0       0.0         0.0        0.0        0.0        0.0        0.0
   41       16.0       0.0         0.0        0.0        0.0        0.0        0.0
   42       32.0       0.0         0.0        0.0        0.0        0.0        0.0
   43        0.0       0.0         0.0        0.0        0.0        0.0        0.0
   44       17.0       0.0         0.0        0.0        0.0        0.0        0.0
   45       17.0       0.0         0.0        0.0        0.0        0.0        0.0
   46       43.0       0.0         0.0        0.0        0.0        0.0        0.0
   47       22.0       0.0         0.0        0.0      265.0        0.0        0.0
   48       11.0       0.0         0.0        0.0        0.0        0.0        0.0
   49        1.0       0.0         0.0        0.0        9.0        0.0        0.0
TOTAL      360.0       3.0         0.0       35.0     8313.0        0.0        0.0

INFRAESTRUCTURA EN OPERACIÓN POR AÑO
--------------------------------------------------
 Año  Solar Peq  Solar Gr  Eólica Peq  Eólica Gr  Bat Litio  Bat Plomo  Bat Flujo
   0        0.0       0.0         0.0        0.0        0.0        0.0        0.0
   1        4.0       2.0         0.0        8.0     1167.0        0.0        0.0
   2        4.0       2.0         0.0        8.0     1167.0        0.0        0.0
   3        4.0       2.0         0.0        8.0     1167.0        0.0        0.0
   4        4.0       2.0         0.0        8.0     1167.0        0.0        0.0
   5        4.0       2.0         0.0        8.0     1167.0        0.0        0.0
   6        4.0       2.0         0.0        8.0     1167.0        0.0        0.0
   7        4.0       2.0         0.0        8.0     1167.0        0.0        0.0
   8        4.0       2.0         0.0        8.0     1167.0        0.0        0.0
   9        4.0       2.0         0.0        8.0     1167.0        0.0        0.0
  10        4.0       3.0         0.0        8.0     2241.0        0.0        0.0
  11        4.0       3.0         0.0       11.0     3318.0        0.0        0.0
  12        4.0       3.0         0.0       11.0     3318.0        0.0        0.0
  13        4.0       3.0         0.0       14.0     3318.0        0.0        0.0
  14        4.0       3.0         0.0       14.0     3318.0        0.0        0.0
  15        4.0       3.0         0.0       14.0     3318.0        0.0        0.0
  16        4.0       3.0         0.0       14.0     3318.0        0.0        0.0
  17        4.0       3.0         0.0       14.0     3318.0        0.0        0.0
  18        4.0       3.0         0.0       14.0     3318.0        0.0        0.0
  19        4.0       3.0         0.0       14.0     3318.0        0.0        0.0
  20        4.0       3.0         0.0       14.0     2151.0        0.0        0.0
  21        4.0       3.0         0.0       14.0     2151.0        0.0        0.0
  22        4.0       3.0         0.0       14.0     2151.0        0.0        0.0
  23        4.0       3.0         0.0       14.0     2151.0        0.0        0.0
  24        5.0       3.0         0.0       14.0     2151.0        0.0        0.0
  25        5.0       3.0         0.0       15.0     2151.0        0.0        0.0
  26        5.0       3.0         0.0       17.0     2151.0        0.0        0.0
  27        5.0       3.0         0.0       18.0     2151.0        0.0        0.0
  28        5.0       3.0         0.0       18.0     2151.0        0.0        0.0
  29        5.0       3.0         0.0       18.0     2151.0        0.0        0.0
  30       75.0       1.0         0.0       18.0     3200.0        0.0        0.0
  31      152.0       1.0         0.0       19.0     3579.0        0.0        0.0
  32      152.0       1.0         0.0       20.0     3580.0        0.0        0.0
  33      152.0       1.0         0.0       20.0     3580.0        0.0        0.0
  34      152.0       1.0         0.0       20.0     3580.0        0.0        0.0
  35      152.0       1.0         0.0       22.0     3580.0        0.0        0.0
  36      152.0       1.0         0.0       20.0     3580.0        0.0        0.0
  37      152.0       1.0         0.0       20.0     3580.0        0.0        0.0
  38      152.0       1.0         0.0       20.0     3580.0        0.0        0.0
  39      152.0       1.0         0.0       21.0     4721.0        0.0        0.0
  40      197.0       0.0         0.0       21.0     4721.0        0.0        0.0
  41      213.0       0.0         0.0       21.0     4721.0        0.0        0.0
  42      245.0       0.0         0.0       21.0     4721.0        0.0        0.0
  43      245.0       0.0         0.0       21.0     4721.0        0.0        0.0
  44      262.0       0.0         0.0       21.0     4721.0        0.0        0.0
  45      279.0       0.0         0.0       21.0     4721.0        0.0        0.0
  46      322.0       0.0         0.0       21.0     4721.0        0.0        0.0
  47      344.0       0.0         0.0       21.0     4986.0        0.0        0.0
  48      355.0       0.0         0.0       21.0     4986.0        0.0        0.0
  49      356.0       0.0         0.0       21.0     4995.0        0.0        0.0

 PRODUCCIÓN DE ENERGÍA VS DEMANDA
--------------------------------------------------
 Año Producción (kWh) Demanda (kWh) Cumplimiento
   0                0   158,314,691         0.0%
   1      220,936,000   163,681,559       135.0%
   2      220,936,000   169,230,364       130.6%
   3      220,936,000   174,967,273       126.3%
   4      220,936,000   180,898,664       122.1%
   5      220,936,000   187,031,128       118.1%
   6      220,936,000   193,371,484       114.3%
   7      220,936,000   199,926,777       110.5%
   8      220,936,000   206,704,295       106.9%
   9      220,936,000   213,711,570       103.4%
  10      260,750,000   220,956,393       118.0%
  11      304,750,000   228,446,814       133.4%
  12      304,750,000   236,191,161       129.0%
  13      355,750,000   244,198,042       145.7%
  14      355,750,000   252,476,355       140.9%
  15      355,750,000   261,035,304       136.3%
  16      355,750,000   269,884,401       131.8%
  17      355,750,000   279,033,482       127.5%
  18      355,750,000   288,492,717       123.3%
  19      355,750,000   298,272,620       119.3%
  20      355,750,000   308,384,062       115.4%
  21      355,750,000   318,838,281       111.6%
  22      355,750,000   329,646,899       107.9%
  23      355,750,000   340,821,929       104.4%
  24      357,077,000   352,375,792       101.3%
  25      370,577,000   364,321,332       101.7%
  26      401,077,000   376,671,825       106.5%
  27      418,077,000   389,441,000       107.4%
  28      418,077,000   402,643,050       103.8%
  29      418,077,000   416,292,649       100.4%
  30      431,339,000   430,404,970       100.2%
  31      550,518,000   444,995,698       123.7%
  32      567,518,000   460,081,052       123.4%
  33      567,518,000   475,677,800       119.3%
  34      567,518,000   491,803,278       115.4%
  35      594,518,000   508,475,409       116.9%
  36      567,518,000   525,712,725       108.0%
  37      567,518,000   543,534,386       104.4%
  38      564,018,000   561,960,202       100.4%
  39      581,018,000   581,010,653       100.0%
  40      600,919,000   600,706,914       100.0%
  41      622,151,000   621,070,878       100.2%
  42      664,615,000   642,125,181       103.5%
  43      664,615,000   663,893,225       100.1%
  44      687,174,000   686,399,205       100.1%
  45      709,733,000   709,668,138       100.0%
  46      766,794,000   733,725,888       104.5%
  47      795,988,000   758,599,196       104.9%
  48      810,585,000   784,315,708       103.3%
  49      811,912,000   810,904,011       100.1%

USO DE TERRENOS
--------------------------------------------------
 Año Terreno 0 - Uso Terreno 0 - Arrendado Terreno 1 - Uso Terreno 1 - Arrendado
   0          700 u.                    Sí          478 u.                    Sí
   1          706 u.                    Sí          478 u.                    Sí
   2          703 u.                    Sí          478 u.                    Sí
   3          703 u.                    Sí          478 u.                    Sí
   4          703 u.                    Sí          478 u.                    Sí
   5          703 u.                    Sí          478 u.                    Sí
   6          703 u.                    Sí          478 u.                    Sí
   7          703 u.                    Sí          478 u.                    Sí
   8          703 u.                    Sí          478 u.                    Sí
   9          703 u.                    Sí          478 u.                    Sí
  10          893 u.                    Sí        2,438 u.                    Sí
  11        2,954 u.                    Sí        1,462 u.                    Sí
  12        1,876 u.                    Sí        1,460 u.                    Sí
  13        1,882 u.                    Sí        1,460 u.                    Sí
  14        1,879 u.                    Sí        1,460 u.                    Sí
  15        1,879 u.                    Sí        1,460 u.                    Sí
  16        1,879 u.                    Sí        1,460 u.                    Sí
  17        1,879 u.                    Sí        1,460 u.                    Sí
  18        1,879 u.                    Sí        1,460 u.                    Sí
  19        1,879 u.                    Sí        1,460 u.                    Sí
  20        1,188 u.                    Sí          984 u.                    Sí
  21        1,188 u.                    Sí          984 u.                    Sí
  22        1,188 u.                    Sí          984 u.                    Sí
  23        1,188 u.                    Sí          984 u.                    Sí
  24        1,188 u.                    Sí          986 u.                    Sí
  25        1,193 u.                    Sí          987 u.                    Sí
  26        1,193 u.                    Sí          988 u.                    Sí
  27        1,191 u.                    Sí          987 u.                    Sí
  28        1,190 u.                    Sí          987 u.                    Sí
  29        1,190 u.                    Sí          987 u.                    Sí
  30        1,627 u.                    Sí        3,864 u.                    Sí
  31        3,196 u.                    Sí        2,089 u.                    Sí
  32        1,743 u.                    Sí        2,012 u.                    Sí
  33        1,741 u.                    Sí        2,012 u.                    Sí
  34        1,741 u.                    Sí        2,012 u.                    Sí
  35        1,741 u.                    Sí        2,016 u.                    Sí
  36        1,742 u.                    Sí        2,012 u.                    Sí
  37        1,741 u.                    Sí        2,012 u.                    Sí
  38        1,742 u.                    Sí        2,014 u.                    Sí
  39        1,742 u.                    Sí        4,295 u.                    Sí
  40        1,741 u.                    Sí        3,243 u.                    Sí
  41        1,741 u.                    Sí        3,230 u.                    Sí
  42        1,741 u.                    Sí        3,278 u.                    Sí
  43        1,741 u.                    Sí        3,246 u.                    Sí
  44        1,741 u.                    Sí        3,280 u.                    Sí
  45        1,765 u.                    Sí        3,273 u.                    Sí
  46        1,765 u.                    Sí        3,342 u.                    Sí
  47        1,765 u.                    Sí        3,873 u.                    Sí
  48        1,766 u.                    Sí        3,607 u.                    Sí
  49        1,784 u.                    Sí        3,598 u.                    Sí

ALMACENAMIENTO EN BATERÍAS (Día 1 de cada año)
--------------------------------------------------
 Año Capacidad Total Energía Almacenada Porcentaje Uso
   0           0 kWh              0 kWh           0.0%
   1     268,410 kWh        252,820 kWh          94.2%
   2     268,410 kWh        252,820 kWh          94.2%
   3     268,410 kWh        252,820 kWh          94.2%
   4     268,410 kWh        252,820 kWh          94.2%
   5     268,410 kWh        252,820 kWh          94.2%
   6     268,410 kWh        252,820 kWh          94.2%
   7     268,410 kWh        252,820 kWh          94.2%
   8     268,410 kWh        252,820 kWh          94.2%
   9     268,410 kWh        252,820 kWh          94.2%
  10     515,430 kWh        265,955 kWh          51.6%
  11     763,140 kWh        249,196 kWh          32.7%
  12     763,140 kWh        249,196 kWh          32.7%
  13     763,140 kWh        172,347 kWh          22.6%
  14     763,140 kWh        172,347 kWh          22.6%
  15     763,140 kWh        172,347 kWh          22.6%
  16     763,140 kWh        172,347 kWh          22.6%
  17     763,140 kWh        172,347 kWh          22.6%
  18     763,140 kWh        172,347 kWh          22.6%
  19     763,140 kWh        172,347 kWh          22.6%
  20     494,730 kWh        494,730 kWh         100.0%
  21     494,730 kWh        494,730 kWh         100.0%
  22     494,730 kWh        494,730 kWh         100.0%
  23     494,730 kWh        494,730 kWh         100.0%
  24     494,730 kWh        494,730 kWh         100.0%
  25     494,730 kWh        494,730 kWh         100.0%
  26     494,730 kWh         98,946 kWh          20.0%
  27     494,730 kWh         98,946 kWh          20.0%
  28     494,730 kWh         98,946 kWh          20.0%
  29     494,730 kWh         98,946 kWh          20.0%
  30     736,000 kWh        736,000 kWh         100.0%
  31     823,170 kWh        164,634 kWh          20.0%
  32     823,400 kWh        164,680 kWh          20.0%
  33     823,400 kWh        164,680 kWh          20.0%
  34     823,400 kWh        164,680 kWh          20.0%
  35     823,400 kWh        164,680 kWh          20.0%
  36     823,400 kWh        164,680 kWh          20.0%
  37     823,400 kWh        164,680 kWh          20.0%
  38     823,400 kWh        164,680 kWh          20.0%
  39   1,085,830 kWh      1,085,830 kWh         100.0%
  40   1,085,830 kWh      1,085,830 kWh         100.0%
  41   1,085,830 kWh        217,166 kWh          20.0%
  42   1,085,830 kWh        217,166 kWh          20.0%
  43   1,085,830 kWh        217,166 kWh          20.0%
  44   1,085,830 kWh        217,166 kWh          20.0%
  45   1,085,830 kWh        217,166 kWh          20.0%
  46   1,085,830 kWh        217,166 kWh          20.0%
  47   1,146,780 kWh        229,356 kWh          20.0%
  48   1,146,780 kWh        229,356 kWh          20.0%
  49   1,148,850 kWh        229,770 kWh          20.0%

DIVERSIFICACIÓN ENERGÉTICA (Año 10)
--------------------------------------------------
• Producción Solar: 124,750,000 kWh (47.8%)
• Producción Eólica: 136,000,000 kWh (52.2%)

INVERSIÓN POR TIPO DE TECNOLOGÍA
--------------------------------------------------
• Solar Peq: $33,876,000 (10.7%)
• Solar Gr: $6,939,000 (2.2%)
• Eólica Peq: $0 (0.0%)
• Eólica Gr: $261,450,000 (82.9%)
• Bat Litio: $12,935,028 (4.1%)
• Bat Plomo: $0 (0.0%)
• Bat Flujo: $0 (0.0%)

VERIFICACIÓN DE FACTIBILIDAD
--------------------------------------------------
• Presupuesto: $315,467,328 / $450,000,000
• Año 3: Producción 220,936,000 ≥ Demanda 174,967,273
• Año 10: Producción 260,750,000 ≥ Demanda 220,956,393
• Año 15: Producción 355,750,000 ≥ Demanda 261,035,304
• Terreno 0, Año 0: 130,457/450,000 u²
• Terreno 0, Año 10: 206,264/450,000 u²
• Terreno 0, Año 15: 307,559/450,000 u²
• Terreno 1, Año 0: 213,543/450,000 u²
• Terreno 1, Año 10: 427,530/450,000 u²
• Terreno 1, Año 15: 371,036/450,000 u²

RECOMENDACIONES ESTRATÉGICAS
--------------------------------------------------
• Tecnología más construída: Batería Litio
• Total unidades: 8313.0
• Años de primera construcción:
  - Solar Pequeña: Año 0
  - Solar Grande: Año 0
  - Eólica Grande: Año 0
  - Batería Litio: Año 0

================================================================================
ANÁLISIS COMPLETADO EXITOSAMENTE
================================================================================
