
================================================================================
ANÁLISIS COMPLETO DE RESULTADOS
================================================================================

RESUMEN EJECUTIVO
--------------------------------------------------
• Inversión total infraestructura: $355,647,784 USD
• Costo arriendo total: $267,300 USD
• Emisiones totales de CO2: 1,393,611,900 kgCO2
• Energía total producida: 20,061,326,430 kWh
• Presupuesto utilizado: 79.1%

INFRAESTRUCTURA CONSTRUIDA POR AÑO
--------------------------------------------------
  Año  Solar Peq  Solar Gr  Eólica Peq  Eólica Gr  Bat Litio  Bat Plomo  Bat Flujo
    0        3.0       0.0         0.0        6.0     1167.0        0.0        0.0
    1        1.0       2.0         0.0        2.0        0.0        0.0        0.0
    2        0.0       0.0         0.0        0.0        0.0        0.0        0.0
    3        0.0       0.0         0.0        0.0        0.0        0.0        0.0
    4        0.0       0.0         0.0        0.0        0.0        0.0        0.0
    5        0.0       0.0         0.0        0.0        0.0        0.0        0.0
    6        0.0       0.0         0.0        0.0        0.0        0.0        0.0
    7        0.0       0.0         0.0        0.0        0.0        0.0        0.0
    8        0.0       0.0         0.0        0.0        0.0        0.0        0.0
    9        0.0       0.0         0.0        0.0        0.0        0.0        0.0
   10        0.0       1.0         0.0        5.0     1624.0        0.0        0.0
   11        0.0       0.0         0.0        2.0      522.0        0.0        0.0
   12        0.0       0.0         0.0        0.0        0.0        0.0        0.0
   13        0.0       0.0         0.0        0.0        0.0        0.0        0.0
   14        0.0       0.0         0.0        1.0        0.0        0.0        0.0
   15        0.0       0.0         0.0        0.0        0.0        0.0        0.0
   16        0.0       0.0         0.0        0.0        0.0        0.0        0.0
   17        0.0       0.0         0.0        0.0        0.0        0.0        0.0
   18        0.0       0.0         0.0        0.0        0.0        0.0        0.0
   19        0.0       0.0         0.0        0.0        0.0        0.0        0.0
   20        2.0       0.0         0.0        0.0        0.0        0.0        0.0
   21        0.0       0.0         0.0        0.0        0.0        0.0        0.0
   22        0.0       0.0         0.0        0.0        0.0        0.0        0.0
   23        0.0       0.0         0.0        0.0        0.0        0.0        0.0
   24        0.0       0.0         0.0        0.0        0.0        0.0        0.0
   25        0.0       0.0         0.0        4.0        0.0        0.0        0.0
   26        0.0       0.0         0.0        3.0        0.0        0.0        0.0
   27        0.0       0.0         0.0        1.0        0.0        0.0        0.0
   28        0.0       0.0         0.0        1.0        0.0        0.0        0.0
   29        0.0       0.0         0.0        0.0        0.0        0.0        0.0
   30       14.0       0.0         0.0        0.0     1871.0        0.0        0.0
   31       82.0       0.0         0.0        1.0     2168.0        0.0        0.0
   32      129.0       0.0         0.0        0.0      557.0        0.0        0.0
   33        0.0       0.0         0.0        0.0        0.0        0.0        0.0
   34        0.0       0.0         0.0        1.0        0.0        0.0        0.0
   35        0.0       0.0         0.0        3.0        0.0        0.0        0.0
   36        0.0       0.0         0.0        2.0        0.0        0.0        0.0
   37        0.0       0.0         0.0        1.0        0.0        0.0        0.0
   38        0.0       0.0         0.0        1.0        0.0        0.0        0.0
   39        0.0       0.0         0.0        2.0        0.0        0.0        0.0
   40        0.0       0.0         0.0        3.0        0.0        0.0        0.0
   41        0.0       0.0         0.0        1.0        0.0        0.0        0.0
   42        0.0       0.0         0.0        0.0        0.0        0.0        0.0
   43        9.0       0.0         0.0        1.0        0.0        0.0        0.0
   44       18.0       0.0         0.0        0.0        0.0        0.0        0.0
   45       16.0       0.0         0.0        0.0        0.0        0.0        0.0
   46        8.0       0.0         0.0        0.0       76.0        0.0        0.0
   47       19.0       0.0         0.0        0.0       38.0        0.0        0.0
   48       10.0       0.0         0.0        0.0       94.0        0.0        0.0
   49        5.0       0.0         0.0        0.0       47.0        0.0        0.0
TOTAL      316.0       3.0         0.0       41.0     8164.0        0.0        0.0

INFRAESTRUCTURA EN OPERACIÓN POR AÑO
--------------------------------------------------
 Año  Solar Peq  Solar Gr  Eólica Peq  Eólica Gr  Bat Litio  Bat Plomo  Bat Flujo
   0        0.0       0.0         0.0        0.0        0.0        0.0        0.0
   1        4.0       2.0         0.0        8.0     1167.0        0.0        0.0
   2        4.0       2.0         0.0        8.0     1167.0        0.0        0.0
   3        4.0       2.0         0.0        8.0     1167.0        0.0        0.0
   4        4.0       2.0         0.0        8.0     1167.0        0.0        0.0
   5        4.0       2.0         0.0        8.0     1167.0        0.0        0.0
   6        4.0       2.0         0.0        8.0     1167.0        0.0        0.0
   7        4.0       2.0         0.0        8.0     1167.0        0.0        0.0
   8        4.0       2.0         0.0        8.0     1167.0        0.0        0.0
   9        4.0       2.0         0.0        8.0     1167.0        0.0        0.0
  10        4.0       3.0         0.0       13.0     2791.0        0.0        0.0
  11        4.0       3.0         0.0       15.0     3313.0        0.0        0.0
  12        4.0       3.0         0.0       15.0     3313.0        0.0        0.0
  13        4.0       3.0         0.0       15.0     3313.0        0.0        0.0
  14        4.0       3.0         0.0       16.0     3313.0        0.0        0.0
  15        4.0       3.0         0.0       16.0     3313.0        0.0        0.0
  16        4.0       3.0         0.0       16.0     3313.0        0.0        0.0
  17        4.0       3.0         0.0       16.0     3313.0        0.0        0.0
  18        4.0       3.0         0.0       16.0     3313.0        0.0        0.0
  19        4.0       3.0         0.0       16.0     3313.0        0.0        0.0
  20        6.0       3.0         0.0       16.0     2146.0        0.0        0.0
  21        6.0       3.0         0.0       16.0     2146.0        0.0        0.0
  22        6.0       3.0         0.0       16.0     2146.0        0.0        0.0
  23        6.0       3.0         0.0       16.0     2146.0        0.0        0.0
  24        6.0       3.0         0.0       16.0     2146.0        0.0        0.0
  25        6.0       3.0         0.0       14.0     2146.0        0.0        0.0
  26        6.0       3.0         0.0       15.0     2146.0        0.0        0.0
  27        6.0       3.0         0.0       16.0     2146.0        0.0        0.0
  28        6.0       3.0         0.0       17.0     2146.0        0.0        0.0
  29        6.0       3.0         0.0       17.0     2146.0        0.0        0.0
  30       17.0       3.0         0.0       17.0     2393.0        0.0        0.0
  31       98.0       1.0         0.0       18.0     4039.0        0.0        0.0
  32      227.0       1.0         0.0       18.0     4596.0        0.0        0.0
  33      227.0       1.0         0.0       18.0     4596.0        0.0        0.0
  34      227.0       1.0         0.0       19.0     4596.0        0.0        0.0
  35      227.0       1.0         0.0       17.0     4596.0        0.0        0.0
  36      227.0       1.0         0.0       17.0     4596.0        0.0        0.0
  37      227.0       1.0         0.0       18.0     4596.0        0.0        0.0
  38      227.0       1.0         0.0       19.0     4596.0        0.0        0.0
  39      227.0       1.0         0.0       20.0     4596.0        0.0        0.0
  40      227.0       0.0         0.0       23.0     4596.0        0.0        0.0
  41      227.0       0.0         0.0       24.0     4596.0        0.0        0.0
  42      227.0       0.0         0.0       24.0     4596.0        0.0        0.0
  43      236.0       0.0         0.0       25.0     4596.0        0.0        0.0
  44      254.0       0.0         0.0       25.0     4596.0        0.0        0.0
  45      270.0       0.0         0.0       25.0     4596.0        0.0        0.0
  46      278.0       0.0         0.0       25.0     4672.0        0.0        0.0
  47      297.0       0.0         0.0       25.0     4710.0        0.0        0.0
  48      307.0       0.0         0.0       25.0     4804.0        0.0        0.0
  49      312.0       0.0         0.0       25.0     4851.0        0.0        0.0

 PRODUCCIÓN DE ENERGÍA VS DEMANDA
--------------------------------------------------
 Año Producción (kWh) Demanda (kWh) Cumplimiento
   0                0   158,314,691         0.0%
   1      220,936,000   163,681,559       135.0%
   2      220,936,000   169,230,364       130.6%
   3      220,936,000   174,967,273       126.3%
   4      220,936,000   180,898,664       122.1%
   5      220,936,000   187,031,128       118.1%
   6      220,936,000   193,371,484       114.3%
   7      220,936,000   199,926,777       110.5%
   8      220,936,000   206,704,295       106.9%
   9      220,936,000   213,711,570       103.4%
  10      345,750,000   220,956,393       156.5%
  11      379,750,000   228,446,814       166.2%
  12      379,750,000   236,191,161       160.8%
  13      379,750,000   244,198,042       155.5%
  14      396,750,000   252,476,355       157.1%
  15      396,750,000   261,035,304       152.0%
  16      396,750,000   269,884,401       147.0%
  17      396,750,000   279,033,482       142.2%
  18      396,750,000   288,492,717       137.5%
  19      396,750,000   298,272,620       133.0%
  20      399,404,000   308,384,062       129.5%
  21      399,404,000   318,838,281       125.3%
  22      399,404,000   329,646,899       121.2%
  23      399,404,000   340,821,929       117.2%
  24      399,404,000   352,375,792       113.3%
  25      365,404,000   364,321,332       100.3%
  26      382,404,000   376,671,825       101.5%
  27      399,404,000   389,441,000       102.6%
  28      416,404,000   402,643,050       103.4%
  29      416,404,000   416,292,649       100.0%
  30      431,001,000   430,404,970       100.1%
  31      472,360,000   444,995,698       106.1%
  32      643,543,000   460,081,052       139.9%
  33      643,543,000   475,677,800       135.3%
  34      657,043,000   491,803,278       133.6%
  35      623,043,000   508,475,409       122.5%
  36      623,043,000   525,712,725       118.5%
  37      640,043,000   543,534,386       117.8%
  38      657,043,000   561,960,202       116.9%
  39      667,043,000   581,010,653       114.8%
  40      667,729,000   600,706,914       111.2%
  41      681,229,000   621,070,878       109.7%
  42      681,229,000   642,125,181       106.1%
  43      710,172,000   663,893,225       107.0%
  44      734,058,000   686,399,205       106.9%
  45      755,290,000   709,668,138       106.4%
  46      765,906,000   733,725,888       104.4%
  47      791,119,000   758,599,196       104.3%
  48      804,389,000   784,315,708       102.6%
  49      811,024,000   810,904,011       100.0%

USO DE TERRENOS
--------------------------------------------------
 Año Terreno 0 - Uso Terreno 0 - Arrendado Terreno 1 - Uso Terreno 1 - Arrendado
   0          671 u.                    Sí          505 u.                    Sí
   1          675 u.                    Sí          511 u.                    Sí
   2          673 u.                    Sí          508 u.                    Sí
   3          673 u.                    Sí          508 u.                    Sí
   4          673 u.                    Sí          508 u.                    Sí
   5          673 u.                    Sí          508 u.                    Sí
   6          673 u.                    Sí          508 u.                    Sí
   7          673 u.                    Sí          508 u.                    Sí
   8          673 u.                    Sí          508 u.                    Sí
   9          673 u.                    Sí          508 u.                    Sí
  10        3,457 u.                    Sí          984 u.                    Sí
  11        2,069 u.                    Sí        1,790 u.                    Sí
  12        2,067 u.                    Sí        1,268 u.                    Sí
  13        2,067 u.                    Sí        1,268 u.                    Sí
  14        2,069 u.                    Sí        1,268 u.                    Sí
  15        2,068 u.                    Sí        1,268 u.                    Sí
  16        2,068 u.                    Sí        1,268 u.                    Sí
  17        2,068 u.                    Sí        1,268 u.                    Sí
  18        2,068 u.                    Sí        1,268 u.                    Sí
  19        2,068 u.                    Sí        1,268 u.                    Sí
  20        1,404 u.                    Sí          769 u.                    Sí
  21        1,404 u.                    Sí          767 u.                    Sí
  22        1,404 u.                    Sí          767 u.                    Sí
  23        1,404 u.                    Sí          767 u.                    Sí
  24        1,404 u.                    Sí          767 u.                    Sí
  25        1,406 u.                    Sí          767 u.                    Sí
  26        1,406 u.                    Sí          767 u.                    Sí
  27        1,405 u.                    Sí          767 u.                    Sí
  28        1,406 u.                    Sí          767 u.                    Sí
  29        1,405 u.                    Sí          767 u.                    Sí
  30        3,351 u.                    Sí          964 u.                    Sí
  31        1,684 u.                    Sí        4,723 u.                    Sí
  32        1,684 u.                    Sí        3,844 u.                    Sí
  33        1,684 u.                    Sí        3,158 u.                    Sí
  34        1,684 u.                    Sí        3,160 u.                    Sí
  35        1,685 u.                    Sí        3,159 u.                    Sí
  36        1,684 u.                    Sí        3,159 u.                    Sí
  37        1,684 u.                    Sí        3,159 u.                    Sí
  38        1,685 u.                    Sí        3,159 u.                    Sí
  39        1,683 u.                    Sí        3,163 u.                    Sí
  40        1,683 u.                    Sí        3,166 u.                    Sí
  41        1,683 u.                    Sí        3,165 u.                    Sí
  42        1,683 u.                    Sí        3,164 u.                    Sí
  43        1,685 u.                    Sí        3,182 u.                    Sí
  44        1,684 u.                    Sí        3,209 u.                    Sí
  45        1,684 u.                    Sí        3,223 u.                    Sí
  46        1,684 u.                    Sí        3,375 u.                    Sí
  47        1,714 u.                    Sí        3,375 u.                    Sí
  48        1,865 u.                    Sí        3,375 u.                    Sí
  49        1,866 u.                    Sí        3,374 u.                    Sí

ALMACENAMIENTO EN BATERÍAS (Día 1 de cada año)
--------------------------------------------------
 Año Capacidad Total Energía Almacenada Porcentaje Uso
   0           0 kWh              0 kWh           0.0%
   1     268,410 kWh        252,820 kWh          94.2%
   2     268,410 kWh        252,820 kWh          94.2%
   3     268,410 kWh        252,820 kWh          94.2%
   4     268,410 kWh        252,820 kWh          94.2%
   5     268,410 kWh        252,820 kWh          94.2%
   6     268,410 kWh        252,820 kWh          94.2%
   7     268,410 kWh        252,820 kWh          94.2%
   8     268,410 kWh        252,820 kWh          94.2%
   9     268,410 kWh        252,820 kWh          94.2%
  10     641,930 kWh        163,173 kWh          25.4%
  11     761,990 kWh        152,398 kWh          20.0%
  12     761,990 kWh        152,398 kWh          20.0%
  13     761,990 kWh        152,398 kWh          20.0%
  14     761,990 kWh        152,398 kWh          20.0%
  15     761,990 kWh        152,398 kWh          20.0%
  16     761,990 kWh        152,398 kWh          20.0%
  17     761,990 kWh        152,398 kWh          20.0%
  18     761,990 kWh        152,398 kWh          20.0%
  19     761,990 kWh        152,398 kWh          20.0%
  20     493,580 kWh         98,716 kWh          20.0%
  21     493,580 kWh         98,716 kWh          20.0%
  22     493,580 kWh         98,716 kWh          20.0%
  23     493,580 kWh         98,716 kWh          20.0%
  24     493,580 kWh         98,716 kWh          20.0%
  25     493,580 kWh        105,469 kWh          21.4%
  26     493,580 kWh         98,716 kWh          20.0%
  27     493,580 kWh         98,716 kWh          20.0%
  28     493,580 kWh         98,716 kWh          20.0%
  29     493,580 kWh         98,716 kWh          20.0%
  30     550,390 kWh        110,078 kWh          20.0%
  31     928,970 kWh        185,794 kWh          20.0%
  32   1,057,080 kWh        211,416 kWh          20.0%
  33   1,057,080 kWh        211,416 kWh          20.0%
  34   1,057,080 kWh        211,416 kWh          20.0%
  35   1,057,080 kWh        211,416 kWh          20.0%
  36   1,057,080 kWh        211,416 kWh          20.0%
  37   1,057,080 kWh        211,416 kWh          20.0%
  38   1,057,080 kWh        211,416 kWh          20.0%
  39   1,057,080 kWh        211,416 kWh          20.0%
  40   1,057,080 kWh        211,416 kWh          20.0%
  41   1,057,080 kWh        211,416 kWh          20.0%
  42   1,057,080 kWh        211,416 kWh          20.0%
  43   1,057,080 kWh        211,416 kWh          20.0%
  44   1,057,080 kWh        211,416 kWh          20.0%
  45   1,057,080 kWh        211,416 kWh          20.0%
  46   1,074,560 kWh        214,912 kWh          20.0%
  47   1,083,300 kWh        216,660 kWh          20.0%
  48   1,104,920 kWh        220,984 kWh          20.0%
  49   1,115,730 kWh        620,540 kWh          55.6%

DIVERSIFICACIÓN ENERGÉTICA (Año 10)
--------------------------------------------------
• Producción Solar: 124,750,000 kWh (36.1%)
• Producción Eólica: 221,000,000 kWh (63.9%)

INVERSIÓN POR TIPO DE TECNOLOGÍA
--------------------------------------------------
• Solar Peq: $29,735,600 (8.4%)
• Solar Gr: $6,939,000 (2.0%)
• Eólica Peq: $0 (0.0%)
• Eólica Gr: $306,270,000 (86.1%)
• Bat Litio: $12,703,184 (3.6%)
• Bat Plomo: $0 (0.0%)
• Bat Flujo: $0 (0.0%)

VERIFICACIÓN DE FACTIBILIDAD
--------------------------------------------------
• Presupuesto: $355,915,084 / $450,000,000
• Año 3: Producción 220,936,000 ≥ Demanda 174,967,273
• Año 10: Producción 345,750,000 ≥ Demanda 220,956,393
• Año 15: Producción 396,750,000 ≥ Demanda 261,035,304
• Terreno 0, Año 0: 152,699/475,000 u²
• Terreno 0, Año 10: 456,531/475,000 u²
• Terreno 0, Año 15: 405,615/475,000 u²
• Terreno 1, Año 0: 2,151/475,000 u²
• Terreno 1, Año 10: 430,093/475,000 u²
• Terreno 1, Año 15: 323,479/475,000 u²

RECOMENDACIONES ESTRATÉGICAS
--------------------------------------------------
• Tecnología más construída: Batería Litio
• Total unidades: 8164.0
• Años de primera construcción:
  - Solar Pequeña: Año 0
  - Solar Grande: Año 1
  - Eólica Grande: Año 0
  - Batería Litio: Año 0

================================================================================
ANÁLISIS COMPLETADO EXITOSAMENTE
================================================================================
